176
0000069252
0000074051	13
0000103851	34	34
0000107451	39	38	6
0000107651	33	34	3	21
0000120251	59	62	43	50	43
0000135851	28	32	34	37	38	59
0000177451	34	34	4	6	6	42	34
0000201851	67	63	45	49	48	54	66	47
0000222451	1	11	34	39	34	61	26	34	65
0000262451	37	39	4	14	11	48	37	1	48	37
0000262651	32	34	1	9	3	43	34	1	43	32	1
0000910051	47	44	8	21	20	51	46	8	52	47	15	9
0000925251	52	53	25	31	29	44	49	25	56	50	31	25	34
0001478553	42	39	7	12	5	47	42	4	50	41	7	4	12	30
0001841851	35	35	4	9	3	42	39	1	46	35	4	1	8	29	4
0002580251	41	35	13	17	13	47	41	10	52	38	12	11	17	33	11	11
0002581451	35	35	4	10	3	42	39	1	46	35	4	1	8	29	4	1	11
0002994551	38	38	4	19	17	44	39	3	53	42	13	4	21	35	4	8	13	8
0003327551	35	37	2	7	4	44	35	2	46	35	2	2	10	26	3	2	12	2	3
0004649552	37	39	7	13	19	48	39	4	53	38	10	4	18	29	5	4	14	4	13	7
0004685151	28	29	4	9	3	42	30	1	43	28	4	1	9	27	4	1	11	1	8	2	4
0007252651	41	39	8	15	9	49	40	9	55	42	17	9	13	35	9	12	17	12	12	5	12	12
0007439551	1	11	34	40	36	59	27	34	67	1	37	33	48	51	40	36	37	36	41	36	38	29	41
0007439951	1	13	34	39	35	60	25	34	67	1	37	33	47	52	42	36	40	36	42	35	38	29	41	1
0007837352	46	46	39	39	42	71	49	40	71	46	45	40	56	52	31	38	37	40	37	39	44	39	39	46	46
0008011651	35	37	2	7	7	44	38	5	49	36	5	5	11	27	6	5	14	5	6	2	7	5	9	35	35	44
0008011852	37	39	7	13	19	48	39	4	53	38	10	4	18	29	5	4	14	4	13	7	1	4	11	37	37	44	6
0008196451	32	34	1	5	3	45	34	1	46	36	4	1	9	27	7	4	13	4	12	6	7	4	9	36	34	40	2	7
0008315651	35	34	1	6	3	43	36	1	44	35	4	1	8	28	8	4	13	4	8	5	4	4	11	35	35	41	2	4	1
0009530351	5	15	33	38	33	60	30	34	66	3	36	32	47	52	41	35	39	35	39	34	37	28	41	3	5	45	35	37	33	35
0009671551	37	37	1	16	10	43	36	1	45	39	7	1	17	31	8	4	12	4	8	2	11	4	11	38	39	44	5	11	7	4	35
0009716151	41	41	4	8	6	45	43	4	49	40	11	8	11	29	5	7	13	7	5	4	15	8	7	42	41	35	4	15	4	4	38	8
0010079151	34	36	4	11	6	42	37	4	46	33	4	4	10	28	8	7	14	8	4	3	5	8	9	33	33	39	7	5	7	7	33	3	8
0010218551	3	15	35	38	34	61	31	34	69	3	37	33	46	52	39	34	40	34	41	35	37	29	42	3	3	45	35	37	34	35	3	37	40	33
0010272251	53	55	37	45	36	19	55	36	52	53	42	36	46	46	38	37	39	37	38	39	43	35	43	52	52	62	40	43	36	39	55	38	38	37	53
0010511351	33	35	1	8	3	45	34	1	47	34	7	1	12	28	11	7	17	7	11	2	7	4	8	35	33	38	5	7	7	4	33	7	12	7	34	38
0014209351	44	41	11	24	19	52	39	8	53	45	12	8	24	34	12	10	19	10	15	8	17	11	16	44	45	37	10	17	13	16	44	14	16	9	45	45	10
0014424951	35	37	2	6	4	45	38	2	45	35	2	2	10	26	4	2	13	2	4	5	7	2	9	36	35	40	2	7	2	8	35	2	4	4	36	37	5	8
0015157251	36	37	3	10	6	45	37	4	50	37	10	4	13	30	13	9	18	10	18	5	9	11	14	36	35	41	8	9	10	9	36	12	11	8	35	39	6	13	11
0015188551	53	53	25	31	30	48	49	25	59	51	31	25	35	1	30	29	34	29	35	26	29	27	35	51	52	52	27	29	27	28	50	31	30	28	50	46	28	34	26	30
0015426752	43	41	9	21	23	43	45	10	51	41	26	10	20	33	6	9	14	9	13	9	20	10	8	42	43	32	8	20	13	9	40	19	9	8	40	36	8	17	13	11	34
0015582952	56	62	28	37	33	52	54	31	56	59	41	30	43	4	29	33	35	33	33	29	34	30	32	59	54	54	27	34	33	36	62	40	28	35	59	47	36	37	29	40	4	30
0015781251	6	16	38	45	37	63	29	37	72	8	42	38	50	57	35	41	35	41	39	39	39	36	39	8	8	42	37	39	43	38	8	43	36	37	8	56	37	41	35	39	57	36	53
0015799651	4	16	35	39	35	61	31	35	66	6	38	35	46	54	45	37	41	37	45	37	38	31	44	7	6	49	36	38	36	35	7	41	45	39	6	55	36	50	36	40	56	43	60	9
0015801751	1	14	35	39	34	60	26	34	65	1	37	32	47	52	41	35	39	35	42	35	37	28	42	1	1	46	35	37	36	35	5	39	40	33	3	54	34	47	35	36	52	40	59	8	7
0016447251	36	38	5	10	11	51	40	5	49	36	8	5	12	30	11	9	17	9	18	5	14	5	15	35	35	39	5	14	8	2	34	11	11	7	37	44	8	13	5	10	30	19	35	39	40	35
0016605651	46	41	6	18	10	48	43	11	48	47	13	10	13	32	4	6	15	6	8	11	7	7	10	45	46	39	9	7	10	14	45	10	8	12	44	43	10	15	12	11	32	12	27	44	45	47	9
0016774951	32	35	1	14	3	43	36	4	47	32	12	4	12	26	8	4	13	4	14	5	8	4	14	32	32	38	5	8	7	4	34	10	8	7	33	38	4	12	2	7	26	13	36	38	35	32	9	11
0016789651	33	36	4	15	7	45	38	4	47	32	9	4	8	26	11	7	13	7	11	5	7	4	16	33	33	40	5	7	7	4	35	7	8	7	33	42	8	17	2	7	26	9	36	39	36	33	11	11	1
0016799851	38	40	5	13	7	47	37	5	45	39	13	2	15	29	8	5	14	5	11	2	7	5	13	38	38	44	5	7	8	8	35	8	8	4	38	42	11	13	2	8	29	13	36	41	40	39	15	13	8	11
0016936351	34	33	3	12	6	46	37	4	48	37	15	4	17	34	9	11	18	13	8	9	6	9	13	36	36	35	8	7	10	13	33	11	9	8	35	41	8	16	4	9	34	9	31	35	41	36	9	12	17	22	20
0017211251	46	47	15	40	29	59	44	17	62	46	20	12	16	37	12	15	18	14	26	14	27	15	17	46	46	47	10	27	13	14	49	30	9	11	47	52	22	25	15	21	37	19	39	41	51	46	16	13	14	14	17	14
0017212051	39	41	13	27	29	51	43	11	52	39	21	9	21	32	13	12	18	11	22	9	14	11	16	39	39	39	11	14	14	12	39	19	17	11	38	47	9	22	9	12	31	20	40	45	42	39	13	14	12	12	15	10	25
0017212251	44	43	15	27	29	57	42	13	47	46	27	10	23	38	10	12	18	13	19	12	19	13	14	46	45	38	15	19	15	13	46	22	13	16	47	48	11	24	11	16	38	19	32	40	46	46	15	10	12	15	17	12	21	2
0018868951	44	41	7	23	21	46	43	4	52	43	10	4	22	32	1	3	10	3	4	3	17	3	11	45	45	38	2	18	4	4	42	10	2	5	45	41	7	16	4	15	31	13	30	39	47	43	9	4	8	14	15	2	19	22	19
0018869351	35	38	3	11	20	45	38	4	49	36	10	7	17	34	4	7	13	7	8	8	10	8	10	37	37	32	5	10	8	3	39	12	5	10	37	39	10	15	8	15	32	9	29	35	40	35	8	7	11	7	11	5	16	15	13	10
0019003351	33	36	2	10	4	44	40	4	46	34	7	2	10	29	4	2	13	2	9	8	6	2	13	34	34	39	5	6	8	11	33	7	7	8	35	39	8	12	5	10	29	16	31	36	36	34	7	16	8	8	10	11	11	11	12	7	11
0019003551	32	33	4	12	6	43	41	7	46	35	9	4	5	32	2	3	10	4	7	12	10	4	12	34	33	34	7	10	12	16	34	9	5	6	35	35	12	8	6	14	33	9	29	31	37	35	12	11	12	11	13	9	7	11	12	5	8	5
0019003751	38	38	3	8	6	47	36	4	48	36	3	4	11	26	2	4	8	4	2	6	11	4	4	38	36	31	3	11	8	8	36	4	5	4	36	38	9	12	4	6	26	6	26	34	42	36	13	9	9	8	8	9	10	11	10	2	5	4	2
0019004751	34	36	2	6	4	44	35	2	44	34	5	2	10	28	8	5	13	5	7	6	4	5	8	34	34	39	2	4	2	5	35	5	4	7	34	40	10	15	2	10	28	10	35	39	35	35	2	10	5	5	11	12	11	11	15	3	4	8	13	9
0019004951	37	38	3	13	6	44	34	4	44	38	3	3	12	32	8	13	16	12	2	8	7	13	6	38	39	31	7	7	10	7	38	3	8	5	37	37	8	16	4	10	29	6	29	34	40	38	8	8	11	11	7	5	10	15	12	2	5	11	8	5	7
0019005151	44	42	7	16	15	49	43	8	52	46	11	8	23	34	8	9	14	9	8	15	15	10	14	44	44	38	9	15	9	7	42	9	5	11	42	49	12	25	12	18	34	17	32	39	44	44	9	13	15	11	15	11	18	12	12	6	11	18	13	8	8	8
0019005351	41	43	9	16	17	54	45	18	55	41	16	12	14	36	16	15	22	18	14	10	12	17	15	41	41	40	10	12	13	14	41	14	10	14	41	47	14	21	10	17	35	14	39	42	47	41	11	16	16	14	17	17	13	18	19	10	10	15	9	10	14	13	12
0019005551	38	38	2	6	7	43	37	2	46	38	13	5	12	28	7	5	14	5	16	2	9	5	15	37	38	38	2	9	8	5	35	11	3	6	38	37	5	9	8	8	28	10	32	42	39	37	7	14	8	8	8	8	14	11	14	12	8	7	11	3	5	8	8	9
0019005951	43	38	10	15	12	51	39	14	52	41	19	10	21	34	9	10	18	10	16	13	16	11	18	41	40	38	13	16	14	21	40	17	10	12	40	45	14	14	15	16	34	19	38	36	43	40	15	13	12	12	20	14	16	21	20	15	13	12	11	8	12	10	15	16	15
0019006351	38	37	4	13	5	47	37	4	52	36	7	4	12	32	14	10	19	10	16	4	11	7	15	37	37	42	7	11	7	10	37	10	15	8	39	43	4	17	7	10	32	13	37	40	39	37	14	14	10	13	12	11	18	11	14	11	19	12	18	14	7	13	20	16	12	16
0019006751	39	40	2	7	4	42	36	2	47	39	11	5	12	26	7	5	14	5	12	5	7	5	16	39	39	37	2	7	2	5	36	8	4	7	39	38	13	13	2	13	26	9	31	41	38	39	9	10	8	8	9	15	14	13	17	10	8	10	13	8	5	10	6	13	7	17	16
0019006951	37	36	4	8	6	46	38	7	49	37	6	4	12	31	5	8	13	8	5	9	11	8	7	37	37	30	3	11	4	4	38	8	2	8	37	39	8	12	4	10	31	6	32	34	39	37	8	8	9	9	12	8	13	12	9	2	5	12	8	6	4	5	5	7	4	9	10	7
0019008151	36	37	7	11	9	47	38	4	49	37	4	4	11	28	6	4	15	4	10	4	12	4	12	36	37	41	4	12	4	4	35	7	10	6	36	43	4	9	4	7	28	11	32	41	38	36	7	8	4	7	10	5	16	14	16	5	10	6	9	6	4	9	11	10	7	12	9	4	6
0019008851	39	37	4	8	6	43	39	5	46	38	6	4	14	31	4	6	10	7	4	8	6	7	6	39	39	31	4	6	4	3	38	6	2	6	37	37	9	13	3	8	30	6	27	32	43	38	8	7	6	6	5	7	13	10	10	2	2	11	7	5	3	7	5	8	3	11	12	4	5	10
0019009051	41	36	4	7	6	45	39	4	48	40	3	4	11	31	2	3	10	3	2	4	6	4	4	39	38	30	4	6	3	4	40	4	2	5	40	38	4	7	4	7	29	6	26	34	42	40	4	5	4	4	3	2	9	12	9	2	2	3	2	2	4	2	5	10	3	8	6	4	2	5	2
0019009251	34	35	2	7	4	41	37	4	45	35	4	2	13	27	6	4	13	4	7	5	4	4	7	35	34	38	2	4	2	2	34	4	4	6	35	37	7	11	2	6	27	10	32	39	35	34	5	7	4	4	4	11	15	11	11	3	4	7	10	8	2	9	7	10	2	14	9	2	9	7	2	4
0019009451	32	32	3	8	6	43	35	8	39	31	8	4	10	28	5	8	11	6	5	7	3	9	7	32	34	27	3	3	4	4	33	7	2	9	32	35	10	15	4	10	27	6	27	32	36	33	9	8	8	7	8	9	8	11	9	2	2	11	8	5	4	5	6	8	3	9	15	4	2	4	2	2	4
0019009651	36	36	2	7	7	41	35	5	47	34	9	2	15	28	7	5	14	5	11	2	4	5	13	35	35	38	2	4	2	5	36	8	4	7	35	37	10	10	2	11	28	9	32	37	36	34	2	9	11	8	8	10	19	11	13	8	4	5	5	4	5	7	9	14	4	13	9	8	8	4	4	4	2	4
0019010051	33	35	2	9	4	45	34	2	47	33	5	2	10	31	3	2	11	2	7	6	4	2	8	34	33	39	5	4	5	8	33	5	6	8	34	39	8	10	2	7	31	9	35	37	36	33	9	7	5	5	5	14	9	12	11	4	7	5	7	7	5	7	9	17	5	11	10	6	9	4	5	4	4	7	4
0019010251	37	39	2	7	4	47	42	2	45	38	5	2	10	26	6	5	14	5	3	2	10	5	4	37	37	43	5	10	2	2	36	2	4	4	37	40	2	10	2	4	26	18	25	39	40	38	8	5	2	2	5	3	11	13	14	7	11	4	7	3	2	4	7	10	2	9	4	2	3	4	3	4	2	4	2	5
0019010451	42	38	4	9	6	45	43	4	48	40	6	4	11	26	5	6	12	6	2	3	15	8	4	40	40	34	8	15	4	4	38	3	2	3	42	40	4	13	4	6	26	12	26	36	43	41	13	4	4	3	7	2	10	15	13	5	8	6	5	2	4	2	5	10	3	7	6	3	2	6	2	2	4	2	4	8	3
0019010651	36	38	5	13	15	45	40	2	47	35	7	2	17	29	11	9	14	9	14	2	10	5	8	36	37	37	5	10	5	8	35	10	4	8	35	39	11	18	2	8	29	15	34	41	38	37	8	9	10	12	5	8	23	15	18	17	8	6	9	3	10	13	7	19	10	13	10	5	8	7	7	3	4	9	4	7	5	6
0019010851	39	37	4	15	10	47	40	3	49	38	7	3	11	31	5	6	12	7	5	3	10	8	10	39	40	35	8	10	12	17	38	6	5	7	41	40	15	10	8	10	31	6	29	33	41	42	18	10	12	12	7	11	13	12	9	2	8	14	9	5	11	8	17	11	7	9	14	9	10	6	7	2	10	8	7	10	3	2	8
0019011051	38	39	8	16	17	48	39	5	48	37	10	5	19	32	11	12	15	12	14	4	12	8	8	38	39	38	7	12	7	10	37	13	5	10	37	42	14	18	4	10	31	16	32	40	39	39	10	9	12	14	7	9	23	17	16	14	9	8	10	4	11	14	8	19	13	13	13	7	9	9	7	5	6	9	6	8	6	8	3	9
0019011251	35	37	2	8	4	47	35	2	46	35	8	2	12	27	4	2	9	2	3	2	7	2	12	34	35	42	2	7	2	7	36	2	3	4	36	41	5	11	2	9	26	9	35	38	36	35	5	6	5	8	8	8	19	14	14	7	4	2	3	2	5	4	8	19	5	10	7	2	8	10	3	3	2	4	5	2	2	3	8	8	9
0019011451	39	37	10	17	19	48	37	3	53	39	14	4	19	33	5	7	14	7	10	4	13	7	9	40	38	32	7	13	8	10	38	15	2	7	38	41	8	20	4	10	33	12	28	33	43	39	11	8	13	13	8	5	17	16	16	10	5	9	7	2	15	8	5	14	15	10	14	7	5	11	4	2	7	5	8	11	4	2	4	5	4	11
0019011651	37	37	9	17	24	48	41	4	53	37	11	4	19	33	5	8	12	7	11	3	15	8	9	39	37	32	7	15	9	12	36	16	2	7	37	43	12	18	4	10	32	12	28	33	42	37	12	8	15	14	8	5	20	18	16	11	5	10	8	2	14	8	5	17	17	10	14	8	5	12	4	2	7	5	9	9	4	2	4	5	3	10	2
0019011851	40	41	2	9	7	45	43	2	47	37	8	2	15	26	8	5	14	5	12	2	12	5	8	37	37	43	5	12	2	2	35	8	3	4	40	39	8	11	2	4	26	16	26	39	39	37	11	6	8	2	2	3	19	13	15	12	15	2	4	2	2	4	7	10	5	8	4	2	2	4	4	3	2	3	5	5	7	9	3	4	5	2	4	7
0019012151	38	39	10	18	24	48	42	5	53	38	12	6	22	31	8	8	13	8	14	6	16	9	11	38	37	35	9	16	10	13	36	15	5	11	37	43	13	22	6	12	31	14	31	35	42	37	14	10	17	15	10	8	23	19	19	13	8	9	8	5	15	10	8	17	14	11	15	9	7	14	7	5	10	8	10	10	6	5	4	8	4	12	4	4	7
0019014051	36	38	2	13	7	41	39	2	46	37	2	2	10	29	7	5	14	5	4	2	13	5	7	36	37	42	5	13	2	5	36	2	8	4	38	39	5	16	2	7	29	10	36	41	38	37	8	8	5	5	5	14	16	11	11	4	14	5	6	4	5	3	19	14	5	10	7	8	8	4	5	4	4	8	8	5	2	4	2	7	4	5	4	4	4	6
0019014251	47	43	9	17	13	51	45	9	53	48	10	8	21	31	7	8	16	8	8	17	16	9	11	45	44	42	8	16	9	7	45	9	7	10	44	43	10	21	13	14	30	17	29	42	48	45	9	11	10	9	12	9	17	15	13	8	13	15	14	11	9	6	9	13	8	15	16	8	6	10	8	8	8	7	9	7	8	8	8	14	8	8	6	6	6	8	13
0019014451	34	36	2	10	4	44	39	2	44	32	2	2	9	27	4	2	12	2	4	5	4	2	9	36	35	36	2	4	2	5	34	2	3	4	33	40	8	11	5	4	27	10	30	38	37	34	5	7	5	2	2	6	16	9	12	4	3	8	11	8	2	1	10	10	2	9	7	2	7	4	3	3	2	4	2	2	2	3	5	8	7	2	4	4	5	6	2	12
0019014651	39	38	4	8	5	47	40	7	48	38	8	6	11	33	5	7	11	7	5	8	11	6	7	40	38	31	4	11	4	4	38	9	2	8	36	40	12	14	3	11	32	6	28	36	40	39	12	8	12	16	6	8	9	12	12	2	5	10	8	5	4	5	6	8	4	9	14	1	2	6	2	2	3	2	3	8	3	2	14	8	16	3	8	8	4	11	6	7	4
0020119451	41	40	4	7	5	44	39	4	46	42	13	7	22	29	2	3	10	3	5	7	16	4	14	42	43	35	3	16	12	11	39	6	2	4	44	38	12	11	9	9	29	6	26	38	45	42	12	7	15	23	9	14	18	9	10	11	5	6	5	2	11	8	8	13	9	13	23	12	8	11	5	2	8	5	9	8	3	2	11	5	12	9	8	8	3	11	7	10	8	9
0020120051	36	36	4	9	6	46	36	3	49	36	4	4	13	26	2	3	9	3	2	2	12	4	4	36	38	34	3	12	4	4	37	4	2	4	37	36	7	9	3	10	27	10	26	34	39	36	9	8	4	4	3	2	14	11	9	2	5	4	2	2	4	2	6	11	8	10	6	3	2	6	2	2	3	2	4	3	3	2	4	2	5	3	2	2	3	4	4	8	4	2	2
0020556051	47	47	6	13	15	49	46	6	51	44	11	6	18	30	5	6	14	6	5	5	11	6	10	43	44	37	5	11	5	5	42	6	8	7	47	41	10	18	5	8	30	15	27	42	47	44	20	10	5	6	5	8	21	23	21	8	12	6	5	5	6	5	15	11	9	10	11	10	5	8	6	5	4	4	9	6	10	8	11	5	11	5	8	8	10	10	15	16	6	4	11	4
0020556351	44	46	3	8	6	45	39	3	49	39	14	4	15	29	2	3	10	3	5	3	16	4	9	41	41	34	4	16	6	4	45	6	2	4	42	38	8	8	4	8	29	6	26	38	45	41	9	6	4	11	7	5	15	9	11	5	8	7	5	2	4	5	5	10	9	10	7	4	2	8	2	2	3	2	11	4	3	2	16	2	15	4	7	8	4	10	3	7	4	2	5	2	8
0020561451	37	39	2	6	9	48	40	2	50	37	6	2	11	27	4	2	13	2	9	2	10	2	4	38	38	43	2	10	2	2	39	5	4	4	38	40	2	7	2	5	28	13	32	40	39	39	8	5	2	2	2	4	16	10	11	9	10	2	3	4	2	4	7	12	2	12	4	2	4	4	3	4	2	4	5	2	5	7	5	4	7	2	6	9	5	10	2	7	2	4	4	4	6	4
0020572451	44	43	6	17	18	49	48	5	51	43	16	6	22	31	6	6	15	6	9	5	11	6	8	42	43	37	5	11	10	6	43	11	9	7	44	41	10	21	6	9	30	15	28	42	46	42	16	14	8	5	9	10	25	25	21	12	6	6	5	5	6	5	11	11	5	15	11	6	5	8	6	5	6	5	6	5	17	14	14	6	14	5	11	11	17	14	10	12	6	4	9	4	4	5	6
0020573551	39	42	5	10	7	44	41	5	48	37	10	5	19	26	5	5	13	5	6	10	11	5	7	39	38	36	5	11	5	5	39	5	8	7	37	39	9	20	6	8	27	18	29	40	41	37	13	7	5	5	5	10	20	19	19	6	7	7	9	9	5	4	11	10	5	14	12	6	6	6	6	5	5	5	5	5	8	8	9	8	10	6	8	9	8	8	8	11	6	5	9	5	8	6	6	10
0021167151	36	37	3	13	5	47	38	3	55	36	4	3	12	30	5	7	13	7	2	4	7	8	8	36	36	30	4	7	9	12	36	4	2	5	37	40	7	7	9	9	29	6	30	33	40	36	4	10	8	8	13	8	15	11	11	2	2	12	7	8	9	5	14	13	3	8	5	13	8	11	5	2	8	5	7	9	4	2	4	2	4	8	2	2	4	6	4	15	8	5	8	2	8	2	3	5	10
0021426351	52	53	26	34	30	49	50	26	60	54	35	26	39	2	31	30	34	30	37	26	29	28	38	52	51	53	27	29	28	31	54	32	28	28	52	46	32	37	26	33	2	36	9	55	58	51	30	32	31	31	31	36	40	31	39	33	33	29	31	27	31	30	34	37	28	34	35	28	33	28	31	30	27	32	30	31	26	28	29	32	31	28	31	32	26	31	32	31	27	30	32	27	31	28	27	31	26	30
0021509051	52	53	25	34	32	47	49	26	58	50	31	26	34	2	31	30	35	30	37	26	29	28	34	50	50	51	27	29	27	28	51	35	28	28	53	47	29	34	25	31	2	32	4	54	56	51	30	30	32	31	29	34	36	30	38	30	32	29	31	26	27	30	34	35	28	32	32	25	31	28	31	29	27	29	28	31	26	27	29	32	30	26	31	32	26	31	28	32	26	32	28	26	29	28	26	33	27	29	5
0021568251	32	36	4	21	8	44	36	4	47	32	10	3	19	27	5	4	11	4	16	5	10	4	8	33	32	38	5	10	4	4	32	10	6	5	33	38	4	17	5	5	27	15	33	40	36	32	8	10	4	7	5	6	19	22	25	20	15	5	7	5	5	7	15	12	5	10	7	5	5	6	7	7	5	7	5	5	8	9	11	7	14	5	13	15	11	17	8	13	5	6	5	7	16	6	5	23	8	6	31	29
0021568451	32	36	4	16	5	43	34	4	47	32	10	3	19	27	6	4	12	3	16	5	10	4	8	33	32	39	5	10	4	4	32	10	6	6	33	38	4	16	5	5	27	16	33	39	37	32	8	8	4	7	5	5	19	22	25	19	16	5	7	6	5	7	16	14	5	10	7	5	4	7	6	7	5	7	5	5	8	10	11	7	13	5	15	15	11	16	8	14	5	6	5	7	16	6	5	21	8	6	31	27	1
0021636551	36	38	2	6	4	43	36	2	45	36	9	2	9	24	4	2	12	2	4	5	8	2	12	36	36	39	2	8	2	2	33	2	2	4	37	38	2	10	2	4	24	13	30	43	39	36	6	7	2	2	2	7	13	9	9	7	10	7	12	9	2	4	6	11	2	11	7	2	4	4	4	4	2	4	2	2	2	4	2	8	4	2	4	4	2	7	2	9	2	3	11	9	6	4	2	5	6	8	23	24	5	5
0021636951	36	41	4	9	6	45	38	4	46	38	7	4	10	28	11	7	18	7	12	4	6	7	11	35	37	43	7	6	4	7	40	7	6	6	39	39	4	10	4	6	28	18	34	39	39	38	7	8	7	7	7	11	13	13	14	11	7	4	4	7	7	7	9	13	4	11	9	7	11	6	6	7	4	4	7	7	7	10	7	6	9	4	11	11	7	11	7	10	4	6	14	5	7	12	4	6	7	10	30	28	7	7	4
0021639351	32	35	2	10	4	40	35	2	48	34	5	2	10	30	3	2	12	2	8	2	4	2	7	32	33	37	5	4	5	5	34	5	8	8	34	37	5	8	2	8	30	10	33	35	35	33	5	6	5	5	5	9	11	12	13	4	8	2	2	3	5	7	13	14	5	10	7	5	7	4	5	4	4	8	5	2	2	4	5	8	7	2	8	8	2	10	5	12	2	6	2	3	5	8	2	4	5	4	30	30	4	4	2	7
0021639551	33	35	2	7	4	41	35	2	46	34	5	7	10	27	9	5	14	5	8	5	4	5	8	33	33	39	2	4	2	2	33	5	4	7	34	36	5	13	2	7	27	10	30	36	36	33	2	9	5	5	5	9	12	11	14	3	4	8	12	9	2	6	7	10	2	12	9	2	4	4	4	4	2	4	2	5	5	7	5	11	7	2	7	8	5	11	5	7	2	3	8	3	6	3	2	6	6	9	27	27	5	5	2	7	5
0021800951	40	44	3	7	5	45	37	3	48	40	15	3	15	29	2	3	10	3	5	4	16	4	10	37	38	34	3	16	7	3	41	7	2	4	41	38	7	8	4	9	29	6	26	35	42	38	12	5	7	12	7	5	16	9	11	5	8	6	5	2	4	5	5	9	8	10	6	3	2	11	2	5	3	2	11	4	3	2	13	2	13	3	7	8	7	11	3	7	3	2	5	2	8	2	3	5	6	2	28	28	6	6	4	11	9	4
0021802751	45	42	4	7	6	46	38	4	50	39	14	3	16	29	2	4	10	3	5	3	16	4	10	40	39	34	3	17	7	3	43	7	2	5	44	40	8	8	3	9	29	6	26	36	43	40	10	5	3	8	8	5	16	10	11	5	8	7	5	2	4	5	5	11	9	10	7	4	2	11	2	5	4	2	11	4	3	2	14	2	13	4	7	8	4	9	4	8	4	2	4	2	9	2	3	6	6	2	28	28	7	5	4	12	9	4	2
0022147452	44	41	7	20	20	47	43	3	51	44	9	4	23	32	1	3	11	3	4	3	18	3	11	44	44	38	2	18	4	4	40	11	2	4	44	42	8	16	4	14	32	13	30	39	46	44	9	4	7	14	17	2	19	19	16	1	8	7	5	2	4	2	6	10	15	15	10	11	2	5	2	2	4	2	8	3	7	5	14	2	14	6	10	11	12	13	3	7	4	2	11	2	5	5	8	12	6	2	33	31	14	15	8	11	4	4	5	5
0022151551	42	43	2	18	13	46	44	5	49	42	15	2	18	33	6	5	13	5	18	8	14	5	14	42	41	47	2	14	5	8	42	13	3	7	42	39	8	21	8	13	33	17	36	47	43	41	6	22	5	5	5	11	18	22	22	21	14	10	15	3	2	7	13	11	5	18	13	2	4	4	2	3	2	3	5	5	5	8	9	12	11	2	11	14	8	14	8	13	5	3	3	5	14	4	7	14	5	7	33	33	13	14	2	4	5	2	3	3	16
0022202151	41	37	3	8	5	46	38	4	48	38	4	3	12	27	7	6	14	6	4	4	8	6	6	40	40	34	6	7	4	3	41	4	5	6	38	40	4	7	4	7	27	8	28	42	40	40	7	9	3	7	3	5	12	11	11	4	8	3	5	5	3	5	10	10	5	10	5	3	5	6	5	4	4	4	4	7	4	5	10	4	11	3	5	5	4	6	4	8	4	4	5	5	7	5	4	8	6	3	27	27	6	6	4	9	3	6	3	3	4	4
0022244651	56	58	29	38	36	51	51	30	60	57	41	29	41	4	28	34	34	34	30	28	34	31	28	57	56	51	30	34	33	35	57	37	27	36	57	46	34	36	29	36	4	29	1	55	59	57	37	26	29	34	32	29	35	35	30	27	28	30	29	26	32	28	31	33	32	36	35	29	27	32	26	25	31	26	32	34	26	24	33	28	32	31	27	27	26	29	34	30	29	27	25	25	27	25	32	27	28	25	4	4	34	34	28	30	34	32	25	25	27	36	28
0022246051	50	50	24	30	29	48	47	24	57	51	31	23	34	7	28	28	31	28	34	24	27	25	28	48	51	49	24	27	25	25	50	31	26	26	49	42	27	30	24	29	7	30	9	54	55	51	28	28	25	23	27	31	36	29	34	31	31	25	28	23	25	26	29	34	25	30	30	24	27	26	29	26	25	27	26	27	23	24	26	29	28	25	27	29	23	28	26	28	24	28	23	25	26	24	26	26	24	25	6	7	25	26	22	26	28	23	24	24	31	32	24	9
0022246251	54	54	26	32	30	49	50	26	59	54	32	26	35	2	30	30	36	30	36	26	29	28	33	52	53	52	27	29	28	29	54	32	29	28	54	46	29	34	26	31	2	34	4	57	57	53	30	30	27	27	29	34	38	31	38	37	34	29	31	28	28	30	34	35	28	33	32	26	31	28	29	30	27	29	28	31	30	28	29	31	31	25	31	31	30	31	29	32	27	33	27	27	30	29	28	35	27	29	2	2	31	31	24	28	30	27	28	29	38	37	27	4	7
0022373251	37	39	4	15	6	48	37	1	49	37	9	4	11	29	4	1	11	1	16	2	4	1	11	36	37	43	5	4	7	6	40	10	7	8	38	42	11	11	2	8	29	12	35	37	39	37	11	8	8	11	12	16	19	16	17	12	7	2	3	4	7	6	10	17	8	14	13	5	11	7	7	2	4	9	8	2	2	3	8	8	11	5	11	12	2	12	7	8	2	12	18	4	10	8	2	15	5	8	32	30	4	4	2	4	2	5	12	8	12	8	6	32	28	30
0022400751	2	12	35	40	35	61	28	35	67	2	38	34	49	53	40	36	40	36	42	35	38	29	41	2	2	47	36	38	36	36	4	40	40	33	4	55	35	46	36	35	54	40	58	8	8	2	36	47	33	33	39	35	45	38	47	42	36	34	34	36	35	38	44	40	39	38	37	39	34	37	38	39	35	30	34	34	38	38	35	39	36	34	37	37	37	37	38	48	32	37	43	35	43	37	37	42	37	37	54	53	33	33	36	39	34	33	37	39	43	42	39	57	50	54	38
0022400951	2	12	34	39	34	60	27	34	65	2	37	33	48	53	39	35	39	35	40	34	37	28	40	2	2	46	35	37	35	35	4	39	37	32	4	54	34	45	34	36	52	40	57	7	8	2	35	46	32	32	38	35	44	38	46	42	34	33	33	35	33	37	43	38	38	39	36	38	34	35	36	38	33	33	33	33	37	37	34	37	35	33	36	36	36	37	36	47	32	35	42	34	42	36	37	41	36	36	51	52	33	33	35	38	33	33	36	38	42	41	37	56	49	52	37	2
0022401151	6	19	38	40	38	62	28	37	69	10	43	38	51	58	39	40	38	41	43	37	37	37	41	9	9	46	36	37	42	38	10	43	39	39	10	55	38	47	39	43	60	41	53	6	9	9	38	44	37	39	42	38	45	46	42	44	38	40	35	39	37	36	43	44	41	40	40	40	37	39	38	37	38	35	37	36	39	40	38	39	37	37	39	37	37	39	40	46	40	38	41	39	44	40	41	44	37	39	61	58	42	41	43	39	35	37	39	42	43	48	41	55	57	59	36	9	7
0022401351	7	15	38	42	40	63	32	37	69	6	41	36	50	57	37	40	35	40	40	37	40	39	39	7	7	39	34	40	39	38	10	42	36	38	9	57	38	44	37	40	58	39	53	10	12	7	37	40	38	39	39	36	45	45	39	40	35	38	34	35	36	32	40	47	40	38	38	37	39	38	34	34	36	31	36	34	37	38	40	34	39	39	35	36	38	37	39	42	38	36	37	35	44	38	37	44	37	35	58	57	42	41	40	38	35	36	36	37	39	50	37	51	54	58	36	7	6	11
0023023151	35	36	4	8	8	47	36	4	44	35	4	3	18	27	12	8	17	7	9	4	9	3	7	35	35	39	4	9	3	3	33	7	16	6	36	41	3	12	4	5	27	19	30	41	35	35	7	8	6	9	9	6	15	12	15	9	7	4	7	10	7	6	10	12	5	21	5	9	5	7	10	5	8	10	4	7	8	10	8	10	10	5	11	11	7	13	4	12	8	11	11	5	17	7	4	18	16	5	27	27	6	6	8	10	5	7	6	7	10	5	6	31	26	28	9	36	35	40	39
0023023351	37	39	4	9	6	47	38	4	48	36	5	4	11	27	3	1	10	1	13	5	10	1	15	37	37	42	2	10	4	4	37	8	4	4	35	43	4	7	5	7	27	13	32	43	38	37	2	13	1	7	8	8	14	14	14	7	4	2	4	4	2	3	8	10	5	9	10	5	3	4	3	4	2	3	2	2	5	8	10	4	13	5	12	14	2	12	2	10	2	3	12	7	8	13	5	5	5	3	28	28	4	4	8	4	2	2	14	12	7	5	4	30	26	28	7	37	36	43	41	4
0023105551	37	37	4	12	6	47	37	4	47	37	8	4	12	32	5	7	12	8	5	3	6	8	8	35	38	31	8	6	8	9	36	8	5	8	36	38	7	11	7	10	31	6	33	31	39	37	8	8	10	11	10	8	10	13	11	2	5	9	5	2	7	5	9	12	10	11	10	13	5	10	4	2	6	5	13	7	4	2	9	5	9	8	5	5	4	8	9	6	4	5	5	5	6	2	4	5	4	2	32	30	6	7	4	11	8	9	2	2	2	8	3	28	29	32	12	36	35	36	34	5	2
0023933651	38	39	2	17	11	43	37	2	48	40	9	2	18	32	7	5	13	5	3	2	11	5	10	39	40	43	5	11	8	5	35	6	8	3	38	38	8	13	2	13	32	17	42	42	42	40	11	9	11	8	8	12	31	19	21	8	13	7	9	3	5	4	10	12	11	15	10	8	7	7	6	4	4	7	8	5	2	3	10	6	12	2	14	15	8	17	2	7	2	8	7	4	6	6	5	10	5	4	32	34	11	11	2	7	5	5	8	8	5	13	4	38	31	32	11	40	39	42	41	8	9	7
0023934651	39	38	4	21	16	46	39	4	51	41	16	3	23	37	5	8	14	8	2	4	15	8	11	40	41	36	7	15	8	8	39	7	5	4	41	40	11	16	4	17	37	13	34	36	43	40	16	9	15	11	11	5	24	20	18	5	9	8	7	2	7	2	8	12	14	16	14	10	5	11	4	2	5	5	9	9	4	2	16	5	16	3	10	11	12	14	2	7	4	5	5	2	5	2	8	8	8	2	38	39	14	14	4	11	7	8	2	2	5	17	4	31	36	38	15	41	38	39	37	15	11	5	3
0024425351	57	60	26	37	33	49	49	28	58	56	38	28	38	4	28	31	34	31	30	28	31	29	28	57	55	50	25	31	31	31	58	35	27	34	55	47	32	33	26	34	3	30	2	55	60	56	34	24	32	32	33	28	36	37	31	27	28	29	29	25	30	28	31	34	31	34	33	27	27	30	26	25	30	26	30	33	27	25	30	28	30	29	27	27	25	29	32	29	29	27	25	25	27	25	30	27	29	25	4	4	32	31	27	29	31	28	25	25	27	34	26	2	9	4	30	56	58	53	50	29	30	28	37	31
0024429951	15	26	31	36	31	63	24	31	64	14	30	29	44	45	37	32	35	32	37	31	33	27	34	14	13	41	33	33	30	32	14	31	35	30	13	57	29	40	31	32	45	39	52	18	18	14	33	39	30	31	29	31	45	36	41	39	34	31	32	33	32	31	39	38	31	33	34	31	32	32	35	34	30	29	31	31	35	38	34	33	36	30	33	35	35	35	32	40	31	36	33	35	37	37	34	38	36	33	45	47	29	29	30	33	31	30	32	33	39	37	33	51	44	47	29	14	13	22	21	30	30	31	31	36	53
0025897951	38	38	3	9	5	46	38	4	50	37	7	4	18	28	2	3	10	4	2	3	12	4	8	38	38	33	3	12	2	8	39	4	2	5	38	41	7	8	3	6	27	10	28	35	43	37	13	5	7	8	9	9	12	11	9	2	5	4	2	2	8	5	6	12	4	10	15	7	5	5	2	2	3	2	8	3	3	2	3	2	5	8	2	2	4	5	8	8	4	2	5	2	5	2	4	5	6	5	28	28	6	6	4	11	3	3	2	2	2	6	4	25	24	28	9	36	36	38	35	11	8	8	4	2	25	35
0027168851	38	36	4	15	13	43	39	7	50	39	13	7	15	34	8	7	13	7	13	16	14	7	17	39	39	36	9	14	10	13	36	12	8	10	40	38	12	22	11	15	34	18	34	38	40	37	8	17	15	11	11	13	18	16	13	13	9	13	15	9	13	12	20	16	10	24	18	12	17	10	8	5	8	9	5	15	10	12	12	21	14	8	14	13	14	16	11	18	11	13	9	10	15	10	12	12	13	15	35	35	14	14	13	10	8	9	9	9	9	16	9	34	31	35	7	41	38	42	38	9	3	10	13	15	32	34	11
0027879351	40	39	7	12	9	49	39	4	47	43	6	4	15	27	8	13	12	12	8	4	15	8	8	42	40	34	7	15	9	7	45	11	2	4	36	42	7	9	9	7	27	9	25	38	42	42	11	8	7	15	14	5	15	15	15	5	5	11	8	2	3	5	6	9	7	8	7	4	2	5	2	2	4	2	7	6	7	5	14	2	13	13	13	13	6	16	3	8	7	5	9	2	4	5	4	7	6	5	26	26	6	7	8	14	4	8	2	2	5	4	12	24	23	27	10	41	39	42	40	6	13	2	10	5	23	35	2	12
0027964451	47	47	8	13	12	49	42	8	50	46	13	8	17	32	9	9	18	10	9	8	14	10	15	48	45	41	8	14	10	7	41	10	9	11	45	43	12	16	8	13	33	11	32	42	48	47	19	12	9	9	9	12	18	16	18	12	11	12	12	8	8	9	13	15	11	17	19	10	13	10	11	8	13	6	11	9	9	8	9	8	10	8	9	8	9	11	10	13	10	9	8	8	14	9	10	11	11	10	32	33	13	13	10	7	8	10	8	8	11	11	11	31	30	33	10	47	46	39	43	17	13	9	8	9	30	40	8	14	9
0028038052	39	37	4	13	7	41	39	3	52	34	4	4	13	26	2	4	12	4	2	4	7	4	5	39	36	33	4	7	7	4	38	2	2	4	39	34	6	7	3	4	26	6	28	32	37	34	7	6	8	8	6	8	14	11	12	2	5	5	5	2	4	2	10	9	16	11	10	7	4	7	2	2	4	2	8	4	3	2	16	2	15	7	10	11	5	13	4	11	4	5	5	2	5	2	3	5	6	5	29	28	6	6	9	11	4	4	8	2	2	8	4	23	23	27	10	32	31	36	35	6	15	2	4	2	23	33	5	10	8	8
0028039051	42	41	4	7	4	46	37	3	51	37	7	3	13	27	1	3	9	3	4	3	12	2	7	37	38	33	2	12	4	4	37	7	2	4	42	40	3	8	3	6	27	10	25	35	39	37	12	3	3	3	3	2	9	12	10	4	6	6	4	2	4	2	6	12	8	11	5	8	2	7	2	2	4	2	9	4	2	2	5	2	7	4	5	5	4	6	4	8	3	2	5	2	8	5	3	5	6	2	28	27	7	7	4	7	3	3	5	5	4	8	4	24	24	27	4	36	35	37	35	4	10	5	8	5	24	35	2	12	5	11	5
0028115552	43	41	3	7	4	46	38	3	50	39	8	3	13	26	1	3	9	3	4	3	12	2	7	37	37	34	2	12	3	3	38	7	2	5	42	39	3	8	3	6	26	10	25	36	40	37	12	3	3	8	3	2	10	12	10	4	6	7	4	2	4	2	6	12	8	10	6	9	2	7	2	2	4	2	9	3	4	2	5	2	7	3	5	5	4	6	4	8	4	2	5	2	8	5	3	5	5	2	27	27	7	7	4	7	3	4	5	5	4	8	4	24	24	27	3	39	37	39	35	4	11	5	7	5	24	35	2	12	5	12	5	1
0028441651	43	42	12	23	29	49	42	8	57	41	11	8	22	34	5	7	14	7	11	8	25	8	10	41	41	34	8	25	11	8	41	15	5	7	40	45	8	20	8	9	34	18	30	36	44	41	16	10	14	14	19	11	18	23	20	10	11	8	2	5	7	5	14	12	7	15	10	10	5	10	5	5	6	5	12	7	11	8	16	5	16	14	11	12	11	15	8	13	6	5	11	5	13	8	6	18	9	5	37	35	20	21	8	13	7	5	8	8	10	22	9	28	31	31	19	40	41	41	37	10	8	5	14	11	28	38	8	16	8	12	5	5	5
0028538051	41	39	4	12	6	44	40	4	49	40	8	4	12	32	1	3	12	4	4	3	9	3	9	41	40	33	7	9	8	9	40	8	5	9	40	39	12	12	4	10	32	9	29	35	44	40	18	9	12	11	12	11	10	16	13	1	7	4	2	2	13	5	8	19	8	15	15	9	5	5	4	2	6	5	8	8	4	2	18	5	18	8	14	14	4	17	9	6	4	5	11	5	5	5	4	9	5	2	33	32	7	6	4	11	4	8	5	5	1	11	4	28	29	31	12	40	39	39	37	11	7	5	9	5	28	36	2	17	5	8	5	1	1	8
0028539651	41	39	12	22	19	50	38	6	49	44	18	7	13	36	3	6	14	6	12	6	13	7	11	42	42	39	8	14	11	11	42	17	8	11	43	43	12	17	9	16	35	15	28	38	43	42	20	1	10	15	11	10	14	12	8	9	14	7	7	6	10	9	8	14	11	11	11	11	8	13	7	5	9	9	10	7	6	5	6	8	7	9	5	5	5	8	13	9	7	8	9	7	14	9	5	13	11	8	35	34	14	14	9	10	6	11	8	8	9	15	6	27	31	35	7	42	42	39	35	12	11	8	16	13	27	37	7	17	8	12	5	5	5	15	4
0028600851	38	37	9	16	10	51	38	3	50	37	11	3	12	28	5	7	12	7	8	4	7	6	8	37	36	33	5	7	12	10	36	11	6	7	37	44	8	21	6	14	27	9	25	35	40	35	9	9	7	12	21	5	18	15	14	5	4	4	2	5	11	7	7	12	6	12	10	6	4	10	8	2	11	4	8	8	6	5	17	5	17	17	10	11	7	14	7	6	4	4	8	2	5	11	8	8	4	5	26	30	7	6	4	11	4	5	11	11	5	6	9	24	24	27	4	36	35	39	36	6	9	10	11	8	24	35	2	12	10	12	5	2	2	11	8	5
0028636651	47	44	16	37	30	49	48	10	52	46	14	13	30	35	10	15	15	15	18	10	23	10	12	46	46	38	11	23	11	10	45	24	12	11	47	46	11	22	12	13	35	20	35	40	48	47	21	11	16	20	16	8	23	22	21	22	11	12	8	12	12	8	21	15	10	14	13	16	8	18	12	8	17	11	17	15	16	11	16	11	16	16	12	13	19	14	13	18	16	11	14	9	19	11	16	30	16	9	42	38	26	27	12	14	12	13	11	11	22	30	11	34	32	37	20	46	45	43	39	16	16	8	24	19	32	46	11	19	8	19	8	7	7	25	11	11	8
0028636851	38	41	9	31	22	48	40	6	52	38	9	6	21	32	14	9	18	9	25	7	18	6	13	39	37	44	6	18	6	6	38	20	14	9	38	45	7	20	6	10	32	24	36	41	41	38	10	10	9	17	13	9	24	21	25	28	16	6	10	13	6	9	23	15	7	15	9	9	9	8	15	10	9	15	9	9	9	14	14	15	16	9	18	20	12	18	9	17	9	15	14	10	20	9	10	31	17	9	38	34	21	21	6	8	6	6	9	9	25	22	9	34	31	35	12	38	37	43	41	8	6	10	20	25	34	37	15	12	10	20	9	10	10	27	15	13	13	7
0028638851	46	43	15	45	25	49	47	12	52	46	17	12	31	35	8	13	12	13	20	10	24	11	13	45	44	40	11	24	11	12	44	26	8	10	46	44	15	21	12	12	34	17	38	39	48	46	21	12	16	14	10	11	21	26	24	20	15	10	8	8	11	9	20	17	11	15	13	13	8	19	9	8	13	9	16	11	19	14	16	8	17	14	11	13	21	14	14	16	16	8	11	8	15	11	17	21	13	8	36	35	29	29	16	16	13	13	11	11	20	29	13	35	33	37	18	44	43	42	38	16	17	8	25	21	35	43	8	19	8	14	7	7	10	24	9	14	9	5	7
0028939052	40	41	5	14	7	50	38	4	48	42	8	8	12	34	11	12	17	11	7	5	10	8	8	39	41	36	8	10	13	8	44	8	9	8	43	44	10	10	4	13	33	8	31	37	42	41	12	5	9	14	14	11	13	11	8	4	9	11	9	7	8	7	9	14	12	13	9	16	6	7	10	4	10	10	11	12	4	4	9	9	10	8	10	10	4	11	6	8	8	9	10	4	9	4	9	10	11	7	36	32	8	7	5	9	8	9	4	4	4	14	6	27	32	32	12	41	40	39	34	7	8	7	7	7	27	37	12	15	8	12	8	7	7	5	11	5	7	12	9	13
0028994751	47	45	8	18	10	50	46	9	53	43	11	9	16	38	6	8	14	8	8	15	10	9	14	45	46	34	10	10	12	12	44	12	9	13	42	43	16	20	9	15	36	11	33	41	48	44	16	8	13	15	14	15	13	19	14	5	9	13	10	9	12	10	13	17	10	13	19	12	9	11	8	7	12	10	13	7	13	9	17	12	17	10	9	9	13	11	11	12	9	9	9	6	9	6	10	10	10	9	38	38	10	12	8	15	9	13	6	6	5	11	13	32	33	37	9	42	42	45	42	18	8	9	11	9	32	41	6	17	12	13	6	5	6	10	6	8	6	13	18	15	16
0029526951	43	41	4	12	16	47	40	4	53	42	13	3	24	29	4	7	15	8	1	3	10	4	10	40	42	37	2	10	4	13	40	4	8	5	42	41	9	15	9	15	26	10	28	34	44	41	12	7	8	12	11	5	17	16	13	4	4	12	8	5	13	2	14	16	4	16	16	10	5	6	5	2	9	5	6	12	6	5	14	7	14	13	8	8	7	10	14	14	10	5	11	2	11	5	4	11	11	8	30	27	15	15	4	9	4	4	5	5	4	7	4	24	24	28	10	39	38	42	39	10	3	5	4	2	24	34	8	14	5	12	5	1	1	8	6	7	5	13	16	13	7	8
0029534551	42	40	4	7	6	46	36	4	51	37	7	4	13	27	1	4	9	4	4	3	12	4	7	37	37	34	1	12	4	4	38	7	2	4	41	40	7	8	3	10	28	10	25	34	41	37	12	4	9	4	4	2	10	10	10	4	6	7	4	2	4	2	6	13	12	11	6	9	2	6	2	2	4	2	9	4	4	2	7	2	7	4	5	5	4	7	4	8	4	2	5	2	10	5	4	6	6	2	27	27	7	6	4	7	4	4	5	5	4	10	4	24	23	27	4	37	36	38	33	6	12	5	7	5	24	35	2	13	5	12	5	1	1	5	1	6	2	7	9	7	7	6	1
0029966651	39	42	5	15	7	42	42	5	47	36	9	4	12	31	5	4	13	4	9	5	11	5	16	36	36	36	8	12	11	12	36	9	8	7	39	38	10	11	8	10	30	10	38	38	41	36	14	8	9	9	8	9	18	12	17	6	15	8	8	5	9	9	17	14	11	12	11	12	11	7	8	6	7	9	14	5	7	7	9	8	11	6	9	9	7	12	9	16	5	8	6	6	8	5	9	8	8	6	30	30	8	7	5	7	5	9	5	6	6	11	7	37	27	30	5	36	35	41	43	7	7	9	9	8	34	33	6	21	5	15	9	10	9	8	5	8	6	12	11	16	9	10	10	10
0029990751	36	35	4	14	6	46	38	4	49	39	11	4	15	32	2	4	11	4	5	3	7	3	9	37	37	32	7	6	6	13	36	7	7	7	38	40	18	12	4	15	32	9	33	34	41	37	8	8	12	10	18	11	12	14	14	2	5	3	2	2	16	7	8	14	10	13	13	8	8	6	6	2	8	5	10	7	2	2	13	8	13	12	8	8	3	12	10	6	7	5	8	2	5	8	4	8	6	9	33	30	7	7	9	6	4	7	8	8	2	8	4	29	28	31	4	37	36	40	37	6	4	9	7	5	30	32	5	15	5	9	7	2	2	8	5	5	2	8	10	12	8	9	8	2	9
0030738151	37	37	4	9	5	45	38	4	48	36	4	4	13	27	2	4	10	3	2	3	11	4	4	36	37	32	3	11	2	4	37	3	2	4	36	42	3	8	4	6	26	10	26	34	38	36	6	5	4	4	3	2	11	11	8	2	5	4	1	2	4	2	4	9	3	10	6	3	2	5	2	2	3	2	4	2	2	2	3	2	5	3	2	2	4	5	4	7	3	2	2	2	5	2	3	5	6	2	26	27	6	6	4	5	3	4	2	2	2	6	4	25	25	29	4	35	34	37	35	5	8	4	3	2	25	34	2	11	2	9	2	2	2	5	2	7	2	8	10	8	4	6	2	2	5	2
0030738751	36	35	4	15	6	47	38	4	50	38	11	4	15	30	2	3	11	4	5	4	7	3	9	36	38	31	8	7	8	13	36	7	7	7	38	41	17	11	4	14	30	8	33	34	41	36	8	8	11	11	17	11	12	12	13	2	5	4	2	2	16	7	8	14	9	13	13	7	8	6	6	2	8	5	11	8	4	2	13	8	13	11	8	8	3	12	9	7	7	5	8	2	5	8	4	7	6	9	32	29	7	7	8	6	4	7	8	8	2	9	4	28	27	29	4	37	37	39	37	6	4	9	7	5	29	32	5	15	5	9	7	2	2	7	5	5	2	8	10	12	8	8	8	2	9	1	2
0030739551	38	37	3	7	6	46	38	3	51	38	2	3	13	28	2	4	10	4	2	3	11	4	4	39	39	35	4	11	3	4	39	3	2	5	38	39	3	7	4	6	27	10	26	35	39	38	9	4	3	3	9	5	10	10	10	2	5	4	2	2	3	2	6	10	3	11	5	3	2	6	2	2	3	2	3	3	4	2	3	2	4	4	2	2	4	6	4	7	4	2	5	2	6	2	4	5	7	2	28	27	6	6	4	11	3	4	2	2	2	6	4	25	25	28	4	37	36	40	36	6	7	5	4	2	25	35	2	10	2	8	2	2	2	5	2	7	2	9	9	8	3	6	2	2	6	2	2	2
0031121451	40	40	13	23	30	52	39	9	54	41	13	9	27	34	10	9	16	9	19	11	27	9	15	39	39	37	11	27	14	9	40	21	11	10	40	48	9	23	10	11	34	25	40	39	46	41	20	16	15	18	21	14	23	24	26	20	16	11	6	10	10	10	17	16	10	19	12	14	8	14	10	11	9	9	12	9	13	14	18	11	18	17	16	16	13	18	12	17	10	11	15	10	16	13	10	25	15	10	38	36	20	20	11	16	9	9	14	13	20	23	11	36	30	33	22	42	41	45	40	12	9	10	22	19	35	35	11	17	14	16	9	10	10	8	12	21	16	29	27	28	10	15	12	10	11	13	10	12	12
0031121651	41	42	14	33	26	51	47	9	54	41	16	9	12	34	11	9	15	9	21	14	20	9	17	41	41	48	9	20	13	13	41	19	10	11	42	47	12	23	9	16	34	19	37	46	43	41	14	17	13	16	14	12	16	25	26	20	16	11	9	9	13	14	21	16	13	17	12	15	12	12	15	12	17	11	14	14	15	14	21	12	21	16	20	20	19	21	13	21	14	14	18	10	18	18	14	30	22	13	37	34	21	21	16	9	10	14	17	17	19	23	12	38	36	40	14	43	42	43	44	15	12	12	20	19	33	41	11	18	15	17	8	12	12	21	11	15	12	31	24	28	12	18	22	12	16	10	11	10	11	22
0031121851	46	44	8	21	20	50	45	8	52	47	18	9	1	34	13	8	17	8	23	10	21	8	16	47	48	56	11	20	9	8	48	17	11	11	47	46	12	27	10	13	35	20	44	51	47	47	15	11	12	11	17	20	18	24	27	26	19	10	5	11	10	12	21	15	13	20	12	12	12	14	14	12	12	10	15	10	10	12	20	11	22	13	24	24	16	27	10	21	9	11	24	13	17	15	11	23	20	11	39	35	19	19	9	10	10	10	15	15	26	18	12	41	34	36	14	49	48	52	50	18	14	11	18	22	36	44	18	16	18	18	13	13	13	27	13	17	16	33	24	34	13	16	23	12	11	16	12	15	12	31	16
0031122051	37	37	1	9	15	42	37	1	47	36	4	1	13	28	2	1	10	1	12	5	10	1	4	36	36	41	5	10	4	1	35	7	10	4	36	37	7	16	5	6	28	24	34	41	38	35	13	7	7	1	5	4	20	13	15	16	12	6	11	8	2	3	11	10	7	12	7	5	7	7	4	4	2	3	5	2	8	12	13	7	17	2	16	17	11	18	5	14	5	6	8	7	12	4	8	10	9	8	29	33	11	11	7	4	2	2	3	4	16	8	4	33	26	29	1	36	35	42	39	7	1	2	8	12	31	33	7	13	7	12	8	7	6	25	8	13	4	26	18	23	9	8	16	8	7	3	6	4	8	23	13	13
0031122251	47	47	13	25	25	56	47	12	57	48	17	9	10	37	14	9	18	9	32	13	23	9	19	47	48	60	10	23	12	11	50	24	13	12	48	50	15	28	13	17	37	29	47	53	47	48	13	16	12	14	18	24	14	24	29	34	19	10	7	11	10	14	23	16	14	21	14	13	14	12	11	14	10	12	17	10	14	17	21	12	22	17	24	26	19	27	11	20	10	13	25	15	20	17	15	30	20	12	44	41	23	23	11	11	11	10	19	18	34	20	13	45	37	41	16	49	48	51	51	19	13	14	25	31	41	44	21	18	16	16	18	15	16	25	15	19	21	42	28	42	19	16	26	15	12	17	16	15	14	28	17	11	17
0031122451	35	38	6	17	4	43	39	8	51	35	15	5	25	31	9	6	14	6	17	7	21	6	13	36	36	42	9	21	6	6	33	12	12	9	36	37	6	18	7	8	31	23	35	41	39	36	17	11	6	9	10	8	30	28	30	22	15	7	8	8	7	8	18	17	8	13	8	7	7	12	9	9	7	8	10	7	10	12	18	9	21	7	22	28	13	28	10	15	7	8	8	8	18	8	11	23	15	8	30	30	7	7	7	9	7	7	8	9	21	15	8	36	28	32	9	36	35	44	42	12	9	8	13	16	37	33	8	19	12	14	7	7	8	27	9	22	13	26	20	26	10	14	15	9	10	9	8	9	9	24	29	23	17	28
0031221051	36	35	4	12	5	48	38	3	50	37	12	2	11	32	1	4	9	4	4	3	4	4	7	37	36	31	4	4	9	12	36	7	7	12	37	43	11	15	7	10	31	9	29	34	40	37	10	4	7	8	15	11	9	16	15	1	4	4	2	2	11	7	8	13	8	12	15	8	5	6	6	2	9	5	5	7	7	5	12	5	11	12	8	8	5	11	7	7	3	5	5	2	5	8	4	8	6	5	31	31	6	6	8	10	4	7	8	8	1	7	8	28	28	31	4	37	35	39	36	10	3	7	7	5	28	33	2	11	10	9	2	1	1	8	4	4	2	11	14	10	9	8	7	1	6	4	2	4	2	13	11	10	4	11	8
0031768551	36	37	1	12	10	42	36	1	46	36	7	4	11	29	8	4	14	4	12	11	7	4	15	36	36	37	8	7	4	4	36	7	8	7	36	36	9	16	8	12	29	12	35	37	36	36	2	14	7	4	8	7	19	17	19	11	8	13	22	12	2	6	10	9	7	20	17	5	13	7	4	4	2	4	2	5	8	13	10	23	13	2	16	17	8	17	5	14	5	8	13	8	18	8	7	11	8	13	30	30	6	6	6	7	5	2	9	8	8	11	7	34	28	30	4	37	36	40	37	6	1	9	8	11	33	31	9	11	11	13	9	10	10	10	13	16	7	21	12	21	13	13	13	11	17	11	9	11	8	12	17	11	7	12	15	8
0032037551	35	37	6	21	7	43	42	11	54	35	17	6	23	30	9	6	15	6	18	7	21	5	15	36	35	43	11	21	6	6	35	16	9	6	35	39	5	19	7	8	30	26	37	39	40	35	15	6	6	13	10	8	25	25	32	25	19	7	8	8	7	8	17	20	9	14	8	7	8	12	8	8	6	9	10	7	7	8	19	11	22	7	20	25	9	23	9	14	10	8	8	9	16	9	13	23	10	8	34	31	9	9	7	8	7	7	9	10	24	13	8	39	30	29	11	36	35	44	43	13	10	9	17	17	35	34	9	18	11	13	8	8	12	26	9	22	13	24	21	24	6	12	14	10	8	8	9	9	9	27	26	21	19	27	5	8	15
0032652451	51	53	25	31	28	51	48	25	64	50	32	25	36	6	32	29	35	29	37	25	32	27	33	51	52	48	26	32	27	27	51	32	28	27	52	46	28	38	25	30	6	33	8	54	56	51	31	31	28	28	29	33	40	31	37	33	33	27	33	24	27	33	35	33	28	38	31	25	31	27	28	27	25	27	27	28	24	24	29	30	30	24	30	29	25	30	28	32	26	31	28	26	30	29	27	28	31	28	6	6	28	28	23	27	30	27	28	28	33	33	27	8	6	6	29	50	50	57	57	26	27	31	31	40	8	48	29	34	28	33	27	26	25	32	31	34	27	37	33	35	31	37	27	26	30	30	28	29	28	33	34	37	31	38	34	30	29	29
0032686951	38	37	4	7	4	46	38	3	50	37	6	3	18	26	1	4	10	4	4	6	8	3	8	38	37	33	2	8	3	6	38	7	2	3	37	41	3	8	4	6	27	10	25	35	39	37	8	4	7	7	4	5	12	12	8	4	4	4	2	2	8	2	6	12	3	10	8	12	5	5	2	2	4	2	3	3	4	2	4	2	4	7	2	2	4	5	8	7	4	2	2	2	5	2	3	5	5	5	28	27	6	6	3	12	4	2	2	2	4	5	4	24	24	28	7	36	36	38	35	5	7	8	8	5	24	36	5	10	2	8	5	1	1	8	1	6	2	7	9	7	8	5	4	1	6	5	2	5	5	13	12	20	7	22	6	1	8	6	27
0032882751	35	38	6	18	6	43	40	8	51	35	15	5	28	32	9	6	14	6	17	7	21	6	13	36	36	43	9	21	6	6	33	12	12	9	36	36	6	18	7	8	32	23	38	41	40	35	17	13	6	9	10	8	31	29	30	22	14	7	9	8	7	12	18	17	8	13	8	7	7	12	9	9	7	8	10	7	10	12	21	11	24	7	26	30	13	30	10	14	7	8	8	9	23	12	11	28	15	8	33	32	7	7	7	12	7	7	12	12	21	15	8	39	32	32	9	36	35	43	43	12	9	8	13	16	37	33	8	19	16	14	8	8	8	27	14	22	13	23	20	26	10	14	22	9	10	8	8	9	8	24	33	26	17	31	1	8	15	8	34	7
0032882951	35	38	6	18	6	43	40	8	53	35	15	5	28	29	9	6	14	6	17	7	21	6	13	36	36	43	9	21	6	6	33	12	12	9	36	36	6	17	7	8	32	23	38	41	40	35	17	11	6	9	10	8	31	28	30	22	15	7	8	8	7	12	18	17	8	13	8	7	7	12	9	9	7	7	10	7	10	12	21	10	24	7	26	30	13	30	10	14	7	8	8	9	23	12	11	27	15	8	30	32	7	7	7	12	7	7	12	12	21	15	8	36	28	32	9	36	35	43	43	12	9	8	13	16	37	33	9	19	16	14	8	8	8	27	14	22	13	23	20	26	10	14	22	9	10	9	9	9	8	24	32	26	17	31	1	8	15	7	30	7	1
0032884151	36	34	3	15	7	46	38	4	50	37	12	9	11	31	1	3	10	2	7	3	5	4	7	35	38	34	4	5	12	8	37	10	7	8	38	39	19	12	15	18	31	6	30	36	40	38	10	7	7	7	15	11	11	13	12	1	4	3	2	2	9	7	8	13	17	11	13	8	5	5	6	2	8	5	5	4	6	5	11	5	10	7	8	8	6	10	8	7	4	5	8	5	8	5	4	8	4	5	29	29	7	7	7	10	3	7	5	5	1	13	12	28	26	29	9	35	34	39	37	11	11	7	10	5	28	33	5	9	10	9	2	4	4	5	4	4	5	10	15	8	12	6	4	4	6	2	4	2	5	10	11	10	3	15	10	3	6	10	29	4	10	10
0033259751	40	37	6	10	10	52	40	7	48	41	11	7	22	28	4	6	14	6	4	10	11	7	5	40	40	38	4	11	11	5	38	7	9	8	41	46	10	17	10	12	30	13	30	39	41	40	11	5	6	6	10	13	16	22	17	4	4	9	7	6	6	9	13	12	6	16	15	9	5	9	4	5	6	5	10	7	8	9	9	8	9	10	8	10	9	11	10	13	9	4	8	5	12	5	6	12	9	9	33	30	13	14	6	12	9	5	4	4	4	8	10	25	26	30	9	41	40	40	37	16	6	4	6	5	26	36	9	10	4	12	6	3	3	11	4	9	5	19	18	17	9	8	17	4	13	9	3	9	5	15	21	20	8	24	16	3	9	14	32	7	15	15	4
0033364051	37	35	2	7	5	41	34	2	46	35	2	2	10	27	4	2	11	2	4	5	4	2	4	35	35	41	2	4	5	5	37	2	4	5	35	36	5	10	5	5	27	14	35	37	36	35	2	9	9	9	8	11	11	12	13	4	3	4	7	4	6	7	10	9	5	12	4	8	6	4	8	4	5	8	8	5	2	4	8	7	10	5	10	11	2	12	2	13	5	7	12	4	6	7	2	9	8	9	28	27	5	5	6	7	2	6	8	7	4	2	4	31	25	27	7	35	34	36	33	4	2	4	2	3	28	31	8	5	8	9	9	4	4	13	3	6	7	10	6	12	4	12	7	3	6	6	3	7	3	15	9	10	2	11	7	4	5	7	27	8	7	7	4	6
0033427151	40	41	3	8	5	47	43	4	47	38	4	4	14	30	5	8	13	8	2	4	7	7	10	40	40	36	7	7	7	11	42	4	5	4	39	40	11	9	8	9	30	6	29	36	43	39	11	9	4	9	3	8	14	13	12	2	5	14	6	2	7	2	11	11	5	12	12	6	8	6	7	2	9	4	6	7	4	2	11	5	12	3	5	5	3	8	3	10	4	5	2	2	5	2	4	6	6	2	30	30	5	5	3	6	9	7	2	2	2	11	4	29	30	32	7	37	36	40	39	10	12	5	4	2	28	38	2	11	5	9	2	2	2	5	5	4	8	12	15	8	9	9	7	2	8	5	2	5	2	9	15	14	3	13	9	5	11	7	29	2	9	9	5	5	3
0033513851	36	36	5	9	7	47	35	2	48	35	5	2	10	27	3	2	11	2	8	2	7	2	5	36	35	38	2	7	2	2	35	5	4	4	36	40	8	12	2	8	27	12	29	39	36	35	11	6	2	6	2	8	21	8	10	8	8	2	3	3	2	8	7	11	5	12	7	2	4	7	3	4	2	4	2	2	2	4	2	4	4	5	4	4	2	6	2	8	2	4	8	4	5	8	2	5	5	4	27	27	5	5	2	4	2	2	8	8	8	5	4	30	25	27	2	35	34	37	36	7	8	8	5	9	26	31	4	9	8	8	4	4	4	13	3	9	4	17	12	12	9	9	8	4	5	4	4	4	2	15	15	13	5	16	10	3	5	10	23	2	10	10	4	6	2	3
0033551751	33	37	2	7	7	46	37	5	44	33	5	5	9	28	8	5	15	5	8	8	4	5	8	33	34	37	2	4	2	2	37	5	4	7	35	39	5	13	2	7	28	10	31	38	36	33	2	9	5	5	5	8	12	11	13	3	4	8	10	6	2	8	7	12	2	9	10	2	4	4	3	4	2	2	2	5	5	7	5	10	7	2	9	9	5	11	5	8	2	3	8	4	6	8	2	6	6	9	28	28	5	5	2	4	5	2	7	8	3	2	6	32	25	28	5	33	32	37	38	4	2	9	5	9	28	31	4	7	2	8	4	4	4	8	8	9	6	10	6	11	8	13	3	4	9	7	3	7	4	10	14	9	2	10	9	8	2	13	27	4	9	9	8	6	6	7	2
0034029551	38	40	10	16	9	49	34	4	54	38	10	4	13	32	7	7	17	7	12	4	11	7	15	37	38	41	6	11	10	7	39	10	10	10	39	42	10	19	4	12	32	11	36	43	39	39	13	7	7	10	13	11	24	18	20	10	11	4	7	6	10	11	14	22	7	20	9	7	10	9	8	6	6	11	7	7	4	6	15	8	18	10	20	18	4	19	7	11	4	9	10	7	7	18	7	8	7	7	32	32	7	7	7	6	4	7	18	18	10	10	7	37	29	32	7	39	37	42	39	6	11	15	10	12	33	33	6	19	21	11	8	4	5	13	5	12	15	16	11	20	11	10	13	5	7	10	7	11	7	16	16	15	7	21	12	9	10	12	31	5	15	15	9	6	4	12	7	7
0034136251	44	42	3	7	8	48	40	3	53	39	15	3	19	29	1	3	9	3	10	2	12	3	8	38	39	35	2	12	7	3	40	14	2	4	44	44	3	8	7	6	29	10	27	37	40	39	12	4	3	4	4	2	16	11	9	10	6	7	4	2	8	2	5	12	9	10	5	16	2	7	2	2	3	2	7	4	3	2	6	2	7	3	5	5	4	6	4	7	3	2	5	5	7	7	9	5	5	2	28	30	6	6	4	12	4	4	7	7	10	11	4	26	28	30	3	38	37	39	37	5	11	5	15	11	26	38	2	13	5	11	5	1	1	5	1	8	2	10	15	10	9	5	1	4	13	5	2	4	2	10	19	19	7	23	12	1	11	11	28	4	12	12	7	3	4	2	7	4	5
0034332751	36	37	4	20	10	47	38	1	49	36	5	1	17	31	7	4	12	4	7	2	14	4	14	36	36	44	5	14	4	4	34	6	8	4	37	41	7	10	2	12	31	22	42	42	37	36	9	11	10	10	11	8	23	16	18	4	17	7	9	4	5	3	14	16	13	19	10	11	8	4	6	4	4	7	8	5	5	6	10	6	12	5	14	15	11	16	5	12	2	8	15	4	11	6	5	14	5	4	32	31	14	14	5	7	5	5	9	8	3	17	4	39	31	36	10	38	38	41	40	6	5	8	5	8	37	30	3	15	7	13	4	7	6	15	8	19	11	25	20	31	8	10	4	7	9	7	3	7	8	18	19	20	10	26	13	9	7	15	32	7	13	13	7	7	2	4	5	5	10	15
0034911651	44	42	7	24	20	46	43	4	50	43	10	4	23	32	1	4	11	3	4	3	18	3	11	45	44	38	2	18	4	4	40	9	2	5	43	43	7	16	4	14	32	13	30	39	47	43	9	4	7	14	15	2	19	22	19	1	10	6	5	2	4	2	6	10	13	15	11	11	2	5	2	2	4	2	9	3	7	5	16	2	15	6	10	11	12	14	3	8	4	2	11	2	9	5	8	12	6	2	34	30	18	19	8	11	4	3	5	5	1	21	4	27	31	37	13	43	42	43	40	10	8	2	5	5	27	39	2	13	5	12	2	4	4	10	1	9	5	22	26	20	4	5	4	4	6	2	2	2	2	20	19	26	17	34	21	1	12	24	32	4	21	21	1	4	4	2	8	3	10	10	2
0035707651	37	40	1	6	3	43	38	4	43	38	7	4	8	27	9	4	12	4	9	5	9	4	12	37	38	43	2	9	1	4	38	4	6	7	38	38	6	13	5	9	27	15	37	40	38	35	2	12	4	4	8	13	14	11	12	8	4	10	16	4	2	7	10	10	10	20	10	5	4	4	4	3	2	3	5	5	2	4	7	12	9	7	13	10	2	12	5	13	5	4	7	3	10	4	2	11	8	6	33	28	4	4	2	7	5	2	3	3	4	9	4	31	26	28	6	39	38	41	40	7	5	8	5	8	30	34	9	7	8	9	14	7	7	8	9	11	7	14	8	12	9	13	13	8	11	12	4	12	3	8	9	8	9	11	9	8	4	6	28	7	9	9	8	13	2	8	2	2	7	7	4	8
0035860451	35	37	4	8	6	45	36	1	45	35	10	4	11	27	10	7	16	7	17	2	10	7	16	35	35	38	2	10	1	4	35	10	11	4	35	42	7	12	5	8	27	13	37	38	34	35	5	13	4	8	8	8	11	16	17	7	3	10	17	4	5	9	16	14	5	16	10	2	3	4	4	4	2	3	2	5	8	12	8	14	10	5	13	14	7	16	5	16	5	4	12	7	10	8	2	10	9	8	28	28	4	4	2	7	5	2	9	8	7	8	7	32	26	28	7	36	35	40	37	9	4	8	11	16	31	30	4	10	12	9	11	11	12	8	8	13	12	18	9	18	11	17	11	11	14	7	7	8	3	10	8	14	4	12	12	9	7	11	27	12	12	12	15	10	2	7	5	2	19	9	7	7	10
0038551151	55	60	28	37	33	51	53	29	57	58	40	30	37	4	29	33	31	33	31	29	34	31	29	57	57	51	28	34	32	34	55	38	28	34	56	46	34	36	28	36	3	30	2	54	58	59	35	25	33	33	33	29	36	39	31	28	29	30	28	26	32	29	33	34	32	36	35	28	28	32	27	26	32	27	31	33	28	26	32	29	32	31	28	28	26	30	32	30	30	28	26	26	28	26	32	28	29	26	2	4	33	34	28	30	32	30	26	26	28	37	28	2	9	3	32	56	57	51	50	29	31	29	39	32	2	55	26	34	24	32	24	25	25	26	29	28	28	33	36	36	28	33	25	25	36	30	26	29	26	35	36	37	33	40	35	29	35	38	9	25	39	34	29	28	30	29	27	31	37	27	38	28	32	33
0038551351	25	36	38	41	46	67	30	42	65	22	50	39	55	58	37	42	39	42	39	42	47	38	38	22	20	42	40	48	47	40	21	45	35	40	22	60	45	48	43	46	58	40	53	23	26	23	43	41	39	40	39	39	48	51	40	42	33	42	33	36	37	32	36	42	37	42	46	40	34	41	33	33	40	31	36	38	47	41	42	36	43	37	32	34	41	37	41	42	42	35	34	37	41	42	45	45	38	34	60	57	43	42	41	41	38	39	35	37	42	48	41	51	56	57	43	23	22	20	19	47	44	33	45	38	51	21	36	39	37	41	34	37	37	39	37	37	38	41	45	40	37	40	36	37	40	35	35	35	39	44	48	55	45	58	49	38	40	46	58	36	46	46	36	36	43	39	44	37	42	38	48	42	45	38	52
