116
0000058452
0000177651	1
0000179851	1	1
0000193851	8	3	8
0000236651	3	4	4	7
0002104751	4	1	4	3	6
0002127152	1	4	1	9	8	7
0002572751	3	7	4	17	5	10	8
0005996251	2	3	4	1	1	4	6	7
0008141452	1	4	4	6	9	5	1	3	3
0008299851	4	1	4	6	8	6	7	7	3	4
0008300351	1	1	1	13	3	4	4	4	3	4	4
0008331451	1	1	1	8	4	4	1	4	3	1	4	1
0009685151	7	5	7	16	9	8	13	10	7	10	8	7	7
0009878751	4	1	4	3	6	1	7	10	4	5	6	4	4	8
0009883851	1	1	1	7	4	4	1	3	3	1	4	1	1	7	4
0010291251	1	1	1	3	3	4	1	4	8	1	7	1	1	5	4	1
0010394151	1	1	1	11	3	4	4	4	3	4	4	1	1	7	4	1	1
0012765852	1	1	1	7	4	4	1	3	3	1	4	1	1	7	4	1	1	1
0013081251	2	1	2	5	2	6	2	5	2	1	6	2	2	8	6	2	2	2	2
0015596152	6	6	7	9	8	8	7	9	7	6	9	7	7	11	8	6	6	7	7	8
0015596351	6	6	7	8	7	8	7	9	7	6	8	7	7	12	8	6	6	7	8	8	1
0015961151	2	2	2	12	3	5	5	5	3	5	5	2	2	8	5	2	2	2	2	3	7	7
0016107551	1	4	1	13	4	7	3	3	4	6	7	1	1	7	7	1	4	1	1	2	6	6	2
0016775151	1	1	1	3	4	1	4	6	4	4	4	1	1	11	1	1	1	1	1	2	6	6	2	4
0016789251	2	2	2	7	3	5	8	8	7	2	5	2	2	7	5	2	5	2	2	3	6	6	2	8	2
0016823052	4	3	3	5	2	9	4	12	5	5	7	3	3	10	9	3	3	3	4	2	9	7	4	3	3	3
0017357051	2	5	2	6	3	2	5	8	3	2	5	2	2	6	2	2	10	2	2	2	6	6	2	8	5	5	3
0017508451	5	10	11	6	3	17	11	10	4	5	16	7	6	13	17	7	11	7	6	4	10	10	6	11	5	6	4	10
0018605051	8	8	3	8	2	7	4	7	5	6	7	4	3	10	7	9	12	4	8	5	9	8	3	5	9	8	4	8	4
0018865351	1	4	4	13	3	4	1	4	4	3	4	1	1	7	4	1	4	1	1	2	6	6	2	1	4	5	4	5	7	4
0018880751	8	6	9	6	6	16	13	10	7	8	19	8	10	13	16	8	8	8	9	6	13	12	8	9	8	8	6	9	10	6	9
0019004151	2	2	2	3	4	2	2	7	3	2	2	2	2	6	2	2	2	2	2	3	7	7	2	2	5	2	4	2	5	7	5	7
0019004351	4	4	4	2	2	3	4	11	2	4	3	3	3	8	3	4	4	3	4	2	7	9	3	4	7	4	2	3	4	5	7	6	4
0019004551	2	4	3	2	2	8	4	11	2	4	4	4	4	8	8	4	4	4	3	2	8	8	4	8	7	7	2	9	4	8	12	6	13	8
0019005751	8	7	6	6	9	11	7	11	6	10	8	10	7	15	11	8	7	10	8	7	10	10	9	8	8	12	6	14	8	6	7	9	8	5	6
0019006151	7	6	6	4	4	8	6	13	4	5	9	6	6	8	8	7	11	6	6	4	10	10	6	9	5	8	4	10	6	7	5	8	6	3	4	7
0019006551	2	2	2	11	3	7	5	11	3	5	2	2	2	7	7	2	2	2	2	3	6	6	2	2	5	2	3	5	7	3	2	9	2	4	3	13	5
0019007151	2	2	2	7	3	5	5	8	4	5	2	2	2	7	5	2	2	2	2	3	6	6	2	2	5	2	4	5	5	3	2	8	2	2	3	12	4	2
0019007751	4	4	4	6	7	7	4	10	6	4	7	4	4	8	7	4	6	4	4	7	8	9	4	4	6	4	6	6	7	6	4	11	9	12	9	11	11	5	4
0019007951	2	3	4	2	2	8	4	10	2	4	3	4	4	8	8	3	3	3	4	2	9	10	3	3	4	3	2	3	4	2	3	6	4	2	2	6	4	3	4	5
0019008351	5	5	4	3	9	9	3	7	4	5	9	7	4	14	9	5	7	7	3	4	10	10	7	13	10	4	4	4	7	4	5	12	3	3	6	8	6	7	6	7	3
0019009851	3	8	3	5	2	4	6	7	2	3	4	4	3	9	4	2	3	4	2	2	8	8	4	4	4	4	2	4	4	2	3	6	8	5	2	6	4	2	4	11	4	6
0019013151	6	10	5	4	4	7	5	12	7	7	7	5	6	10	7	7	7	5	7	5	10	10	7	6	6	5	4	5	5	5	6	7	11	8	4	9	7	7	6	11	4	5	4
0019013651	2	2	5	6	8	5	5	5	4	8	5	5	2	9	5	2	2	5	2	4	6	7	5	2	2	5	3	8	14	4	2	9	2	3	11	20	9	8	8	9	4	8	3	7
0019363151	5	6	7	3	4	7	9	8	4	6	15	7	6	11	7	6	5	7	6	5	10	11	6	12	11	6	5	5	9	5	5	10	7	5	4	9	6	7	6	8	5	10	4	6	12
0019692853	3	6	3	1	1	3	9	11	1	3	8	3	4	6	3	3	8	4	4	2	8	8	3	9	4	8	2	11	3	2	4	6	4	2	5	9	7	8	8	13	2	7	2	7	4	7
0020077051	1	1	1	13	9	7	7	5	3	4	7	4	1	10	7	1	1	4	1	2	7	6	5	6	4	2	7	5	6	10	1	9	2	4	4	13	10	7	5	4	3	12	3	6	5	7	8
0020121051	7	9	4	11	2	12	8	11	5	4	7	4	4	11	12	8	9	4	8	5	8	7	3	4	4	6	2	4	4	2	4	6	7	5	5	6	4	6	4	7	2	4	2	8	4	4	5	4
0020121251	5	5	5	10	10	8	5	7	6	7	7	7	5	12	8	5	5	7	5	7	10	9	7	7	8	5	7	5	9	11	7	12	5	6	6	11	8	6	6	8	7	7	5	8	6	10	7	6	6
0020121851	2	2	2	4	4	8	2	5	4	4	2	2	2	9	8	2	2	2	2	3	6	6	2	2	8	2	3	2	6	7	2	9	2	4	4	7	6	2	2	3	2	7	3	6	2	8	3	5	4	4
0020560651	4	7	11	2	5	10	6	7	2	3	4	10	11	12	10	4	4	11	4	2	12	13	10	7	7	14	2	10	6	4	4	8	4	2	4	8	9	7	7	9	2	4	2	5	3	6	7	4	2	8	7
0020771951	3	3	6	15	10	12	6	6	5	6	8	6	3	11	12	3	3	4	3	4	6	7	7	6	6	4	6	7	17	11	8	16	7	9	8	17	10	9	7	4	6	6	4	9	7	7	6	7	6	6	4	9
0020782751	2	2	2	7	2	5	2	5	4	2	5	2	2	8	5	2	2	2	2	3	7	7	2	2	2	2	3	2	7	4	2	9	2	4	4	8	6	2	2	4	4	4	4	7	2	7	3	2	4	5	2	8	2
0020782951	2	2	2	7	2	5	2	5	4	2	5	2	2	8	5	2	2	2	2	3	7	7	2	2	2	2	3	2	7	4	2	10	2	4	4	9	6	2	2	4	4	4	4	7	2	7	4	2	4	5	2	8	2	1
0020792251	7	5	7	7	4	8	5	6	4	6	6	5	6	10	8	7	6	7	5	5	10	9	5	6	6	5	4	6	5	5	4	9	7	7	5	8	6	8	7	9	4	7	4	6	5	7	3	6	4	9	6	5	7	7	6
0020903551	1	1	1	8	4	4	1	4	4	1	7	1	1	7	4	1	4	1	1	2	8	8	2	1	1	2	4	2	7	4	1	8	2	4	4	8	6	2	2	4	4	4	4	7	2	7	3	1	4	5	2	10	3	2	2	6
0021057351	9	7	8	12	7	19	11	12	7	9	14	8	9	15	19	9	8	8	9	7	12	11	8	9	9	9	7	9	12	8	9	14	12	10	12	11	10	10	8	10	8	9	7	8	8	10	6	9	7	11	9	7	12	9	10	8	8
0021426951	4	3	4	8	5	11	14	7	2	12	11	8	3	22	11	4	3	8	4	2	8	8	7	4	14	12	2	4	7	5	7	6	3	2	2	9	4	6	6	9	2	8	2	5	8	11	2	12	2	14	4	2	13	3	4	5	4	8
0021800551	2	5	5	13	4	5	2	5	4	4	7	2	2	8	5	2	8	2	2	4	6	6	2	4	5	5	3	5	6	9	2	10	2	4	9	8	5	2	2	4	8	8	3	6	2	7	4	5	4	7	2	7	7	2	2	5	2	10	7
0021801351	3	4	3	5	2	6	4	5	2	7	7	3	4	10	6	3	8	3	4	2	9	9	4	7	11	14	2	3	4	2	4	6	3	2	5	6	4	4	4	10	2	7	2	5	8	8	5	7	2	10	4	4	9	3	3	5	3	7	2	3
0021802151	4	3	8	5	2	7	4	6	2	5	8	3	4	10	7	3	9	4	3	2	8	9	3	5	12	13	2	3	4	2	3	6	3	2	5	6	4	4	4	10	2	6	2	5	8	5	5	8	2	11	4	4	10	4	4	5	4	8	5	4	2
0021922751	3	8	3	8	2	9	3	6	2	6	6	3	3	13	9	3	7	3	3	2	9	9	3	7	11	9	2	8	4	9	7	6	2	2	5	6	7	4	3	6	2	9	2	5	3	9	2	6	2	10	4	2	10	3	3	4	3	8	2	13	5	8
0021922951	2	2	5	8	4	5	2	5	4	4	5	2	2	8	5	2	5	2	2	3	6	6	2	4	8	8	4	2	6	4	2	8	2	4	9	8	6	2	2	7	3	9	3	7	5	6	8	5	4	7	2	6	7	2	2	5	2	9	7	2	4	4	10
0022018351	7	10	7	10	4	8	7	9	4	14	11	6	6	14	8	7	10	7	7	4	11	12	7	7	12	12	4	12	6	4	6	8	7	4	7	9	6	7	6	6	4	8	7	7	6	11	4	7	4	12	6	4	13	7	7	7	6	10	4	7	4	4	2	7
0022117251	10	9	10	12	14	14	11	16	7	11	12	14	11	19	14	10	9	14	10	10	13	13	14	17	8	12	11	11	11	20	13	10	9	9	8	11	8	14	11	10	6	8	11	16	12	9	7	18	15	14	7	7	13	11	11	9	12	14	14	18	13	13	13	14	19
0022372851	7	4	5	6	6	10	6	8	3	7	5	10	5	10	10	7	6	11	6	4	8	9	11	12	5	5	4	10	5	7	10	8	11	9	4	7	6	14	11	9	7	5	12	9	9	5	3	10	7	10	7	6	7	7	7	6	6	9	7	11	4	4	7	6	12	18
0023106751	6	12	16	7	4	16	10	9	4	9	5	7	6	10	16	6	6	7	6	4	11	11	6	7	12	15	7	13	9	4	7	8	11	7	7	11	6	11	8	15	7	6	7	7	14	6	10	6	7	9	7	4	8	6	6	6	7	10	4	11	4	4	4	6	6	9	6
0023107151	2	2	2	8	3	9	2	4	12	4	7	2	2	8	9	2	2	2	2	4	6	7	2	5	2	2	8	1	9	9	2	13	2	3	4	6	5	2	2	4	4	5	4	9	5	6	4	2	9	5	2	4	4	2	2	5	2	8	7	2	4	4	3	2	7	11	7	10
0023107351	2	3	4	8	5	9	6	10	2	9	9	8	4	14	9	3	4	9	3	2	8	8	7	3	7	7	2	2	4	2	3	6	3	2	2	9	4	6	5	5	2	5	2	5	8	5	5	8	5	7	4	4	11	4	4	5	4	7	2	3	2	2	2	3	4	13	7	6	2
9001746351	3	3	3	4	1	13	3	5	4	2	10	3	3	9	13	2	6	3	2	2	6	6	3	3	7	3	2	3	3	2	3	6	3	2	2	6	4	3	3	6	2	4	2	4	8	4	1	3	2	7	4	4	5	3	3	3	7	6	2	4	2	2	2	3	4	10	3	4	3	2
0024943652	4	4	5	19	7	10	8	7	7	4	8	5	5	10	10	4	4	5	4	5	10	9	5	8	5	5	7	4	9	11	4	8	6	8	5	12	12	9	7	7	7	5	7	11	4	8	6	4	6	6	5	10	7	5	5	7	5	13	5	8	12	10	5	7	11	15	9	7	5	7	5
0027618351	4	3	3	4	1	7	3	5	1	3	3	4	3	8	7	4	3	3	4	2	8	7	3	4	4	2	2	3	3	2	4	6	7	5	2	6	4	7	3	6	2	4	2	4	4	3	1	3	2	7	4	2	5	3	3	3	2	6	2	2	2	2	2	3	4	7	3	4	3	2	1	7
0027866551	2	2	5	11	9	5	5	5	8	7	5	5	2	11	5	2	5	5	2	4	6	7	5	4	5	8	4	2	11	4	5	10	2	4	4	13	5	5	5	4	4	7	8	6	7	8	9	8	4	7	2	6	7	2	2	7	2	10	4	5	4	4	7	2	12	15	10	6	5	4	3	4	4
0027873151	4	4	8	5	2	10	4	6	2	5	6	3	3	14	10	4	8	3	3	2	10	8	3	6	14	8	2	8	4	5	7	6	3	2	5	6	4	4	3	9	2	8	2	5	7	10	5	10	2	11	3	4	9	4	4	5	3	8	2	10	5	8	5	10	4	9	4	4	3	2	2	5	2	3
0027875451	2	3	7	5	5	2	7	6	4	9	2	7	3	11	2	3	7	7	2	2	6	6	7	3	8	12	2	4	7	2	8	6	2	2	2	8	4	6	6	7	2	7	5	4	10	4	5	11	2	8	4	4	8	4	4	5	2	7	2	9	2	2	5	4	7	10	6	4	7	2	2	5	2	4	2
0027882951	2	2	5	8	4	8	2	5	4	4	5	2	2	11	8	2	5	2	2	4	6	6	2	4	11	5	4	5	7	7	5	9	2	3	9	9	6	2	2	6	3	9	3	6	5	12	8	8	4	7	2	6	7	2	2	6	2	9	4	8	9	12	7	8	6	12	7	7	2	3	3	5	3	2	3	4
0028125451	2	2	2	9	4	8	2	7	4	2	5	2	2	7	8	2	5	2	2	2	6	7	2	5	5	5	3	5	7	4	2	14	2	4	11	13	6	7	5	9	4	7	7	6	2	13	7	2	4	5	2	7	4	2	2	6	2	9	7	2	8	7	4	5	3	8	6	16	2	4	6	4	3	2	7	4	5
0028506754	4	4	3	7	4	11	7	7	4	9	7	9	4	18	11	4	8	9	4	2	7	7	6	3	15	8	2	7	6	8	6	6	3	2	5	9	4	8	7	8	2	9	5	5	13	12	7	11	2	15	4	2	14	3	3	4	4	7	2	3	5	5	2	8	8	13	6	5	4	2	1	6	1	7	5	5	9	8
0028536551	8	11	8	7	7	19	14	11	5	11	16	12	9	22	19	9	8	11	8	5	12	11	11	9	8	6	5	8	9	5	9	9	12	8	5	9	10	14	13	12	5	14	5	7	12	4	4	19	6	11	11	7	17	8	8	9	9	17	9	9	5	5	5	8	10	13	8	7	13	9	4	11	6	14	7	8	11	16	9
0028553251	6	6	7	6	6	6	17	10	4	10	12	10	7	19	6	5	6	10	7	4	10	10	9	10	13	9	4	12	5	8	7	11	7	4	4	11	6	12	12	13	4	9	4	7	9	11	5	11	5	13	10	6	17	7	7	6	7	13	14	12	7	7	7	11	10	12	9	6	7	6	3	7	3	9	7	6	10	7	8	17
0028554151	2	3	3	7	1	7	8	9	1	7	6	3	3	10	7	3	3	2	2	2	6	6	3	4	4	6	2	7	3	2	4	6	7	5	5	9	4	3	3	2	2	8	2	4	6	4	4	15	2	10	3	4	11	2	3	4	3	7	5	3	2	2	2	3	4	13	3	8	2	5	1	5	1	9	2	5	4	2	4	12	6
0028601051	4	9	4	7	1	7	6	7	1	9	7	3	4	14	7	4	9	3	3	2	7	7	3	3	11	12	2	11	6	7	9	6	2	2	5	6	4	3	3	6	2	9	2	5	3	7	4	14	2	12	4	4	9	4	4	4	4	6	2	9	4	7	7	9	6	16	6	4	3	2	1	11	1	6	4	3	6	4	3	6	9	1
0028701651	4	8	8	7	1	6	4	7	1	6	7	3	3	9	6	4	9	4	3	2	7	8	3	5	9	8	2	8	6	2	3	6	4	2	5	6	4	3	3	7	2	7	2	5	3	4	1	6	2	10	7	4	10	4	4	4	4	6	5	3	2	2	8	2	4	16	6	4	4	2	1	10	1	3	5	2	6	4	4	4	6	1	6
0028799751	5	6	6	4	4	5	6	11	7	5	7	6	6	11	5	6	6	6	5	5	9	9	6	7	10	6	5	5	7	5	6	9	5	5	6	9	7	6	6	6	5	6	6	7	6	7	4	6	5	9	7	6	9	5	5	7	6	10	14	6	5	5	9	6	9	8	6	10	6	9	4	7	4	10	9	9	7	5	8	9	6	8	8	4
0029031051	3	4	4	2	4	2	9	12	5	4	4	7	4	10	2	3	9	7	3	2	9	9	7	16	4	9	2	11	4	7	7	4	9	5	5	9	7	6	6	6	2	5	2	7	9	8	5	7	4	5	8	5	7	3	4	4	4	7	9	13	8	8	7	15	9	12	4	11	3	6	2	6	2	9	5	6	8	2	7	6	8	7	13	10	6
0029031251	3	4	4	5	2	8	4	6	2	9	6	4	4	11	8	4	9	4	3	2	9	8	4	6	12	13	2	4	7	2	4	6	4	2	5	6	4	3	3	11	2	6	2	5	8	9	5	6	2	9	4	4	10	4	4	5	4	9	2	4	2	2	5	3	4	14	4	4	4	2	2	10	2	4	5	2	8	7	5	5	7	2	4	2	6	8
0029451352	4	3	4	4	1	7	5	7	1	7	7	3	4	10	7	3	9	3	3	2	7	8	3	2	10	13	2	3	6	4	2	6	3	2	5	6	4	3	3	9	2	6	2	5	7	6	4	8	2	10	3	4	9	3	3	4	4	5	2	5	4	4	5	5	4	12	3	4	4	2	1	10	1	5	7	2	11	6	4	4	6	1	1	3	4	8	4
0029932651	3	4	4	5	2	8	4	6	2	3	9	4	4	12	8	4	4	4	4	2	8	8	4	4	4	4	2	4	4	2	4	6	4	2	2	6	4	3	3	6	2	4	2	4	3	4	2	4	2	6	4	7	6	4	3	4	4	9	2	4	2	2	2	4	4	10	4	7	4	2	2	6	2	4	2	2	4	3	2	5	4	2	2	2	6	2	2	2
0030300251	2	2	2	2	8	2	5	6	4	2	8	5	2	9	2	2	10	5	2	4	6	6	5	5	5	5	4	9	10	8	2	9	2	4	7	13	8	5	5	4	8	4	3	5	8	10	8	5	8	5	2	10	2	2	2	6	2	8	8	2	3	4	4	2	11	11	6	16	5	9	4	7	2	7	9	12	5	2	8	8	19	11	8	4	6	9	4	4	4
0030312251	3	4	4	2	2	3	4	5	2	4	4	4	4	9	3	4	4	3	4	2	7	9	3	11	4	8	2	8	4	5	4	6	2	2	2	6	4	4	4	6	2	8	2	5	3	5	5	4	2	6	4	7	5	3	4	5	4	7	2	8	4	5	2	8	7	8	4	4	4	2	2	6	2	4	2	2	4	3	2	8	4	2	5	4	5	5	5	5	2	12
0030519852	4	4	3	7	4	7	8	7	1	10	8	9	4	13	7	4	3	9	4	2	7	7	8	7	7	12	2	3	3	5	3	6	3	2	2	9	4	7	6	7	2	6	2	5	8	7	1	7	2	15	4	2	12	3	3	4	4	7	2	7	5	5	2	8	7	12	6	4	8	2	1	7	1	4	2	2	4	3	1	8	5	4	4	4	8	6	5	4	2	13	2
0031117851	6	8	6	6	5	16	10	8	6	5	12	5	5	10	16	5	6	5	6	6	9	9	5	9	8	9	5	10	11	6	6	14	4	5	8	10	8	9	10	15	6	10	5	9	9	11	10	8	6	8	6	8	11	6	6	8	5	14	8	6	9	10	5	10	6	6	9	12	9	10	9	8	5	6	9	5	9	10	9	14	15	6	6	6	9	8	9	10	5	9	9	6
0032041551	4	4	5	12	9	6	8	12	5	11	6	8	5	9	6	4	10	8	4	7	9	10	8	5	8	8	7	8	15	5	5	9	4	5	10	13	15	7	7	8	6	11	7	6	9	14	10	4	5	9	5	8	12	5	5	8	5	15	14	5	8	9	6	8	12	14	11	13	5	10	6	7	5	8	6	8	5	7	15	11	14	6	6	6	9	10	7	10	6	13	6	8	12
0032540651	2	2	5	11	7	5	5	5	8	10	5	5	2	11	5	2	2	5	2	3	6	6	5	7	5	8	4	4	10	3	2	8	2	3	8	18	8	5	5	6	4	11	4	5	5	6	3	8	4	9	5	6	10	2	2	4	2	8	11	2	6	6	10	5	6	18	9	10	1	6	3	7	3	5	7	8	5	2	11	12	13	7	11	3	9	17	6	8	4	5	6	10	6	7
0033524251	5	6	6	3	3	8	7	9	3	6	10	5	5	10	8	5	9	5	5	4	8	8	4	9	13	6	4	6	5	7	14	9	10	7	4	9	11	6	5	8	5	11	4	8	9	10	3	5	4	9	7	4	11	7	6	6	9	8	4	6	4	4	4	7	6	7	6	7	4	4	7	8	3	6	4	4	7	6	6	14	9	6	3	3	6	4	4	3	4	12	4	3	11	7	6
0034438151	4	8	7	7	1	12	8	7	1	4	4	3	3	8	12	3	7	2	4	2	7	7	3	4	8	2	5	8	3	2	4	6	10	8	7	6	4	12	8	9	5	4	2	4	3	3	4	4	5	7	4	2	8	3	3	3	3	5	2	4	2	2	2	4	4	6	3	4	8	5	1	6	1	4	2	2	4	8	4	6	3	4	1	1	6	6	2	1	5	7	2	1	10	11	3	7
0035915951	7	3	7	1	7	4	8	18	1	6	7	11	8	16	4	7	3	11	8	5	8	8	11	13	4	6	5	6	6	8	13	6	3	2	2	6	4	11	7	7	2	3	5	4	6	3	1	15	11	9	3	2	15	8	7	7	7	12	8	11	5	5	8	8	10	12	6	7	7	8	4	19	4	12	5	5	8	8	7	7	6	7	7	7	4	2	5	4	5	4	2	7	6	13	11	3	7
9001746251	3	2	3	4	1	12	3	5	4	2	10	3	3	9	12	3	6	3	2	2	8	6	3	3	8	3	2	3	3	2	3	6	3	2	2	6	4	3	3	6	2	3	2	4	8	4	1	3	2	6	4	4	6	3	3	3	7	7	2	4	2	2	2	3	4	10	3	4	3	2	1	6	1	3	2	2	3	6	1	4	3	1	1	1	4	2	2	1	2	3	2	1	8	5	3	6	1	4
9001869051	4	4	3	4	1	7	4	4	1	2	4	3	3	7	7	3	3	3	3	2	7	6	2	4	3	3	2	3	3	2	3	6	7	5	2	6	4	6	3	5	2	4	2	4	3	4	1	3	2	7	4	2	5	3	3	4	3	6	2	3	2	2	2	3	4	6	3	4	3	2	1	6	1	4	2	2	4	3	1	6	3	1	1	1	4	2	2	1	2	4	2	1	6	5	3	3	1	4	1
9004744951	6	11	11	9	3	11	12	12	4	7	7	6	6	12	11	7	6	6	7	4	10	10	6	6	11	6	7	10	4	4	6	7	15	10	8	8	7	14	10	11	7	7	4	8	6	6	6	10	9	8	7	6	11	6	6	9	6	10	4	5	4	4	4	6	6	11	7	6	11	8	3	10	5	7	4	4	7	13	3	6	5	7	3	3	10	7	4	3	7	10	4	3	9	12	5	5	5	9	3	5
0029348951	4	4	7	5	5	3	4	10	5	4	4	9	4	14	3	4	8	8	4	2	9	9	9	4	7	8	2	10	4	4	3	4	8	5	5	6	4	7	7	7	2	6	5	5	8	8	8	9	5	6	7	2	7	3	4	5	4	8	7	4	5	5	5	8	4	14	9	7	4	5	2	6	2	7	7	5	11	9	10	5	7	5	4	2	6	14	5	5	2	8	2	5	8	15	8	5	5	5	2	2	9
0029687151	3	2	4	5	2	7	8	6	2	4	7	4	4	11	7	3	9	4	3	2	7	9	3	7	3	4	2	6	4	2	3	6	8	5	6	10	7	3	4	6	2	4	5	4	4	6	5	4	2	6	4	5	6	4	4	5	4	9	2	4	2	2	2	3	7	12	7	7	4	2	2	6	2	4	2	2	3	3	2	5	6	5	5	2	5	5	2	2	2	7	5	2	9	6	4	4	2	5	2	2	4	5
0030132051	2	2	2	3	6	2	2	9	2	2	2	5	2	7	2	2	2	5	2	4	6	7	5	2	2	2	4	4	6	4	2	12	2	2	3	8	7	5	5	4	3	5	4	6	8	6	2	8	4	5	2	3	4	2	2	4	2	9	11	2	4	4	4	2	7	9	5	8	1	6	3	5	3	5	4	8	2	2	7	8	13	7	3	3	5	3	4	3	4	5	4	7	6	10	4	6	8	3	3	2	10	3	4
0030303651	2	5	2	12	3	10	5	4	4	5	8	2	2	11	10	2	11	2	2	3	6	6	2	4	8	5	10	4	9	9	4	10	2	3	8	9	9	2	2	4	7	8	3	7	2	20	3	5	4	11	7	7	7	2	2	5	2	9	4	4	5	5	5	4	9	13	8	14	6	8	6	4	3	4	5	5	4	2	4	10	14	3	5	10	9	10	6	5	4	2	4	5	4	4	6	14	3	12	7	2	6	6	3	1
0030339051	4	2	3	4	1	8	3	6	1	10	9	3	3	10	8	4	2	3	4	2	7	8	3	4	3	2	2	3	8	2	2	6	4	2	2	6	7	4	3	7	2	3	2	4	4	8	1	4	2	6	4	2	6	4	4	4	3	5	2	4	2	2	2	4	4	9	3	4	3	2	1	7	1	4	2	2	3	4	1	4	3	1	1	1	3	2	2	1	2	4	2	1	6	6	3	3	1	4	1	1	3	2	2	3	9
0030738351	2	2	2	6	2	5	4	4	2	7	5	2	2	8	5	2	5	2	2	3	5	5	2	2	8	8	3	2	9	5	2	10	2	3	8	8	5	2	2	7	3	8	2	6	5	10	6	7	4	7	2	6	7	2	2	3	2	8	3	4	5	5	6	4	5	13	5	5	2	3	1	7	2	4	10	3	7	5	7	7	9	2	2	4	5	13	6	2	4	2	7	5	9	8	7	3	2	6	1	2	5	9	4	2	4	2
0031809751	2	2	5	8	4	8	2	4	4	7	2	2	2	12	8	2	5	2	2	4	6	7	2	5	5	2	4	2	7	12	5	9	2	4	4	10	12	2	2	7	4	9	3	6	8	15	4	5	9	4	2	6	10	2	2	7	2	10	4	5	4	4	7	2	10	11	12	10	2	4	9	5	8	2	3	4	2	2	4	11	11	8	8	15	9	11	3	4	4	5	4	4	6	7	8	11	4	7	9	6	7	6	7	5	10	3	2
0032311151	4	8	3	4	1	8	7	6	1	6	3	3	3	6	8	4	8	3	3	2	7	7	3	11	6	3	2	3	3	8	10	6	4	2	5	9	4	4	3	7	2	7	2	8	10	4	1	8	5	13	3	2	16	3	4	4	3	6	7	11	5	5	8	8	8	10	6	4	3	5	1	7	1	8	5	5	7	7	6	7	6	1	7	7	4	4	5	4	2	8	2	6	6	12	11	3	1	4	1	1	3	5	2	6	11	1	6	4
0032872451	2	4	3	5	2	8	4	9	2	7	9	4	4	12	8	2	2	4	4	2	8	7	4	4	4	4	2	3	7	2	8	6	4	2	2	6	4	4	4	7	2	4	2	4	9	4	2	4	2	7	4	7	10	4	2	5	4	7	2	8	2	5	2	8	2	10	4	10	4	2	2	6	2	8	5	5	9	3	2	5	4	2	2	5	6	2	2	2	2	4	2	2	4	6	7	4	5	5	2	2	7	4	2	3	3	2	3	8	2
0034437951	3	3	3	1	1	8	2	6	1	3	4	2	3	8	8	3	3	4	4	2	7	7	2	6	3	7	2	9	3	5	3	6	3	2	2	6	4	6	7	9	2	6	2	5	7	4	4	8	2	7	4	2	5	3	3	4	2	7	5	6	8	8	2	13	7	7	3	4	7	5	1	6	1	7	5	5	7	8	7	4	3	1	4	4	3	5	8	7	2	12	2	1	4	9	10	3	4	1	1	1	3	5	5	3	2	1	10	7	1	2
0035717651	4	3	4	1	1	4	4	6	1	4	4	3	3	8	4	3	7	3	3	2	6	6	2	4	3	3	2	2	3	2	4	6	3	2	2	6	4	3	2	6	2	5	2	5	3	3	1	4	2	7	4	4	5	3	3	3	3	6	2	4	2	2	2	4	4	10	3	4	3	2	1	6	1	8	2	5	3	4	6	4	3	1	1	1	3	2	2	1	2	4	2	1	5	5	3	3	1	1	1	1	3	5	2	3	3	1	1	4	1	2	1
9000926151	4	4	4	16	9	10	13	7	6	8	9	9	4	14	10	4	4	9	4	4	9	11	10	9	8	5	8	8	8	11	4	9	3	7	6	13	12	11	9	7	7	15	5	9	9	9	9	3	6	10	8	6	10	5	5	10	4	12	11	8	9	9	8	8	7	19	12	10	5	9	6	8	7	13	11	11	11	5	13	17	11	15	15	9	9	8	8	11	6	8	5	9	10	7	12	7	6	16	6	6	12	10	6	12	9	4	10	8	9	6	7	7
9001848751	4	3	9	5	5	7	3	11	2	8	4	9	4	12	7	4	3	9	3	2	8	7	8	4	8	4	2	8	7	5	8	6	8	5	5	9	4	8	7	7	2	4	2	5	8	5	2	7	5	6	7	4	8	4	4	4	4	8	8	3	2	2	5	4	4	7	4	7	3	5	2	7	2	7	5	5	6	4	8	7	7	8	5	2	5	2	2	2	2	3	2	5	6	11	7	7	8	5	2	2	9	4	2	3	6	2	3	14	5	5	2	2	10
9004744451	6	10	6	9	3	15	8	12	3	10	6	6	6	11	15	6	9	6	6	4	10	11	6	16	6	5	4	8	8	10	13	6	8	7	7	11	6	9	6	11	4	10	7	5	10	6	3	10	7	17	5	4	16	6	6	5	6	9	9	15	7	7	10	11	15	13	11	10	6	7	3	6	3	11	7	7	10	6	8	12	11	3	9	9	7	6	7	6	4	9	4	8	9	12	13	5	6	9	3	3	11	7	4	10	17	3	8	7	3	4	1	3	11	7
9004746251	2	2	3	1	1	4	3	6	1	2	3	3	3	7	4	3	3	3	3	2	6	6	3	4	2	3	2	11	3	2	2	6	3	2	2	6	4	3	3	9	2	7	2	5	3	4	1	2	2	7	4	2	5	3	3	3	4	7	2	4	5	5	2	9	4	7	3	4	2	2	1	5	1	3	5	2	8	13	4	4	3	1	1	1	4	2	5	4	2	3	2	1	6	9	3	3	1	1	1	1	3	5	2	2	2	1	7	4	1	2	1	1	5	2	3
