72
0000074451
0000104851	4
0000132651	10	5
0000133051	15	4	11
0000148451	11	1	8	5
0000257451	4	1	8	7	1
0000262852	16	1	8	5	1	4
0000265451	1	1	11	1	4	7	8
0001483651	8	4	11	12	4	1	9	4
0001486051	14	8	4	14	11	8	11	8	16
0001833451	4	1	11	1	7	10	7	4	1	13
0002338951	1	4	8	9	1	1	4	1	6	11	1
0002844951	7	1	11	1	7	10	7	8	1	10	1	1
0002856553	9	1	5	4	1	7	1	4	11	7	1	8	1
0004937551	7	1	8	1	4	10	4	7	7	8	4	3	4	1
0007432551	11	9	21	19	12	16	16	12	19	20	8	9	8	13	15
0008008452	7	2	9	8	8	5	11	5	11	8	8	5	12	5	8	17
0008131651	6	3	8	8	7	6	11	4	10	10	7	4	11	8	5	11	3
0010215951	5	2	9	5	2	5	2	5	2	8	2	5	2	5	5	16	2	4
0010216151	5	2	6	8	2	2	9	2	5	8	8	2	15	5	5	9	2	8	2
0010216352	5	16	20	18	17	17	16	12	10	21	7	6	8	16	17	9	17	11	12	14
0012803251	21	3	13	14	7	12	7	4	21	11	9	12	9	14	14	11	13	13	10	12	11
0012803451	19	3	12	14	12	11	12	4	13	11	12	7	15	8	9	14	6	13	7	11	14	13
0012803851	15	9	13	14	4	3	3	9	17	11	3	11	3	3	3	11	7	10	3	3	18	1	5
0012804051	11	3	9	13	8	3	10	4	17	8	8	8	13	8	7	12	7	5	2	3	16	7	5	4
0014209551	14	15	22	19	19	26	21	8	13	17	8	4	8	19	17	11	17	19	16	24	9	11	20	12	10
0015136551	9	4	5	4	4	10	1	7	12	8	4	9	4	4	4	20	8	4	7	8	22	21	8	7	7	24
0015666151	6	4	7	1	4	7	10	4	12	11	4	6	4	7	4	15	8	10	5	8	19	17	20	8	12	19	7
0015666351	6	4	8	1	6	4	9	4	13	8	7	7	8	8	5	16	8	7	2	2	20	18	11	8	9	22	14	4
0015666551	6	4	7	5	3	3	3	3	9	11	3	7	3	6	7	12	7	5	4	4	18	10	6	9	9	16	10	9	8
0015773251	4	4	8	1	7	7	4	4	10	12	4	7	4	7	7	14	8	9	8	5	14	11	11	8	12	12	4	4	8	10
0016183251	7	2	6	5	2	2	2	2	5	8	2	7	2	2	2	13	2	3	2	2	15	4	3	7	3	12	5	5	5	4	4
0016605851	14	5	9	8	7	5	8	2	8	11	2	8	6	5	2	15	5	10	2	5	15	13	14	13	8	14	5	2	5	6	2	5
0016634751	5	2	12	5	5	2	8	5	11	11	2	7	2	11	8	11	8	4	8	2	14	16	13	13	12	10	11	8	8	4	8	2	5
0016751451	14	4	8	4	3	10	3	7	7	12	4	7	4	4	4	19	8	11	8	11	17	12	12	9	8	22	4	1	4	5	1	5	5	7
0016834351	13	5	12	5	7	11	7	5	9	16	5	9	5	5	5	20	10	13	11	11	20	10	11	16	12	25	5	5	5	6	5	5	4	7	2
0016933151	12	7	21	21	11	8	14	7	11	19	4	9	4	14	13	13	17	9	8	4	10	12	11	11	13	11	15	16	10	10	12	8	11	13	19	15
0019003951	11	3	8	14	4	4	4	3	10	9	3	7	3	2	3	11	4	7	4	4	14	3	4	6	2	10	3	7	2	5	8	4	13	4	9	10	6
0019007351	11	12	18	19	11	19	16	8	13	15	14	4	12	14	15	13	15	12	8	22	14	9	20	7	8	8	25	20	19	15	13	12	13	9	19	18	10	9
0020093151	5	11	16	8	8	13	8	11	5	13	5	2	5	11	14	9	8	13	10	10	9	12	12	7	7	15	15	8	13	13	5	7	8	8	14	16	11	11	12
0020121451	13	9	16	9	12	14	12	4	13	16	4	11	8	8	4	15	13	17	7	13	28	13	14	8	8	14	3	11	11	10	8	6	8	8	7	9	10	2	13	16
0020123051	9	4	9	4	4	8	4	9	8	8	3	8	4	4	4	12	4	6	3	7	17	5	5	2	2	8	4	4	2	7	7	2	4	3	4	4	5	2	8	11	2
0020248651	6	1	5	7	4	4	4	7	7	8	7	4	7	1	4	17	5	4	5	2	17	8	7	9	3	15	1	4	4	3	4	2	5	8	4	8	16	4	15	12	12	4
0021427151	8	5	9	8	11	8	9	5	5	9	10	2	10	7	10	15	5	14	4	5	17	13	14	10	4	21	13	11	8	7	5	4	5	2	8	7	7	8	17	11	17	7	5
0022150951	14	8	12	11	12	15	6	3	11	14	2	11	2	7	2	11	6	9	12	16	22	11	7	11	6	11	8	8	14	9	2	8	3	8	6	11	8	4	9	14	5	2	8	13
0022151151	7	12	16	14	9	19	11	10	7	13	4	1	4	16	16	12	10	12	10	14	4	14	25	13	10	9	21	13	15	14	7	12	12	13	18	19	9	12	12	11	17	16	12	16	16
0022373051	7	7	9	9	6	4	3	1	4	16	4	4	4	7	7	7	10	12	8	5	12	10	14	16	19	10	7	7	9	9	7	7	12	5	9	10	8	15	11	10	12	12	9	5	11	7
0022857551	11	1	8	6	1	1	5	1	9	11	1	4	7	1	1	14	5	7	2	2	15	3	8	4	5	17	4	4	5	3	4	2	6	5	5	9	14	5	10	5	11	4	4	5	13	8	11
0023105751	26	17	24	13	21	24	19	8	27	22	8	20	9	14	10	21	23	22	14	23	27	20	16	18	18	24	13	16	16	18	13	17	13	12	12	16	21	18	19	19	11	7	23	19	10	28	20	19
0023106351	13	4	12	19	8	7	12	3	14	12	3	13	8	3	3	14	8	10	4	7	13	8	9	8	5	12	4	3	9	6	4	4	11	3	16	14	11	8	7	9	2	2	8	13	5	12	17	5	16
0023579151	1	6	10	8	1	4	4	1	4	14	1	1	1	8	4	11	7	7	5	5	4	11	17	10	10	4	6	4	6	8	7	7	5	7	6	7	4	7	9	6	9	9	6	8	7	1	1	6	17	7
0027635153	12	4	8	4	3	7	3	7	8	12	4	8	4	4	4	21	8	9	8	8	18	8	9	10	9	21	4	4	4	5	4	5	5	7	1	2	18	10	15	14	9	4	4	7	7	18	9	5	17	14	6
0027639951	19	7	7	8	4	10	9	16	21	8	8	14	8	9	8	21	16	7	7	11	30	16	12	5	9	16	8	9	14	13	9	6	11	14	8	9	13	2	17	21	5	2	4	18	9	31	13	12	13	5	12	8
0027640151	17	7	8	8	4	11	7	16	16	8	7	14	7	9	7	21	16	8	7	12	27	15	12	5	9	16	7	9	14	14	9	6	12	14	8	7	12	2	16	20	6	2	4	16	9	31	12	12	14	6	10	6	2
0027965851	13	2	12	10	5	8	5	8	8	15	5	5	5	8	8	13	11	9	2	9	18	6	15	7	16	11	11	8	5	4	5	2	11	5	10	7	11	8	13	5	12	8	8	5	12	8	2	15	17	12	5	7	15	14
0028446851	11	1	8	5	1	1	5	4	7	11	4	4	8	1	4	16	8	7	2	2	16	6	7	3	8	17	1	4	6	3	4	2	4	8	3	7	12	4	14	8	4	4	4	8	8	9	9	1	14	8	4	3	9	7	5
0028461351	8	1	11	5	4	7	4	1	7	11	4	1	7	7	7	8	5	9	8	2	7	3	8	3	5	16	4	1	6	3	4	2	4	8	3	4	18	4	11	5	8	8	8	2	3	8	6	1	14	8	7	3	13	12	8	1
0028537151	11	9	18	12	16	18	18	14	10	8	8	4	8	19	18	11	9	13	12	14	7	9	17	4	1	6	22	15	21	12	8	7	12	8	16	16	8	7	5	9	15	8	14	15	9	15	12	7	17	8	10	16	14	14	8	11	20
0028638451	7	3	12	8	7	13	7	14	7	8	8	3	7	10	13	9	7	7	6	10	9	6	4	1	1	8	13	7	8	5	3	4	7	4	11	8	2	2	8	12	5	5	7	11	5	11	4	3	11	5	3	8	10	9	9	7	3	4
0029449351	8	4	14	4	10	10	13	10	7	15	8	7	8	4	7	17	10	9	10	7	18	11	15	12	11	15	7	7	7	6	7	4	4	7	7	10	9	7	13	16	7	7	10	9	7	13	7	7	12	6	7	7	9	9	5	13	4	10	10
0029518551	5	5	16	2	8	11	5	8	8	12	5	5	2	5	8	10	8	6	5	5	10	7	9	8	7	8	9	5	5	7	5	5	2	2	5	8	13	8	13	8	4	4	12	11	4	11	7	5	15	4	2	8	12	12	5	5	8	10	8	7
0029534351	15	5	12	8	8	8	5	5	8	11	8	8	8	5	2	18	8	9	4	8	17	15	8	7	9	21	5	11	10	7	11	5	6	11	9	9	17	3	19	5	12	4	8	8	6	16	7	5	18	8	8	9	9	9	8	5	5	20	8	10	5
0030208851	16	1	8	5	1	1	1	8	9	11	7	4	7	1	4	16	11	12	2	6	13	8	12	4	11	16	1	7	6	3	7	2	8	8	3	7	17	5	11	8	12	4	4	5	6	8	3	5	12	10	4	3	4	3	5	4	4	14	6	13	5	5
0030439151	2	7	16	5	11	11	8	11	7	11	8	2	8	8	11	14	8	4	7	5	15	7	6	7	7	14	14	8	8	9	5	6	5	5	8	10	8	11	11	13	14	8	12	8	12	14	7	5	15	7	5	10	19	19	2	8	8	15	6	10	7	8	5
0030440151	2	5	15	2	13	11	8	8	5	15	5	2	5	2	5	13	11	7	5	5	15	8	8	11	13	13	5	8	5	7	5	4	2	5	8	14	8	8	7	14	9	7	11	8	9	11	10	8	10	2	2	11	8	6	2	11	5	8	11	12	7	5	8	7
0030956351	11	15	22	18	17	18	13	7	8	16	7	3	8	15	16	7	15	16	11	17	12	11	16	13	10	11	19	13	17	18	8	12	16	10	21	20	5	11	5	13	11	8	17	15	11	10	13	16	21	13	10	21	13	13	11	20	9	2	5	17	10	17	14	15	14
0031810351	13	3	8	13	9	12	8	8	15	9	6	10	7	11	13	17	9	6	13	8	15	10	8	2	5	10	15	12	10	10	7	3	10	13	12	8	5	2	8	17	8	5	4	8	8	24	9	4	13	5	10	7	11	11	3	8	9	9	5	13	13	10	7	11	9	10
0033444651	15	7	11	4	3	7	3	8	16	11	3	11	4	4	4	12	6	16	7	7	7	1	4	4	4	5	4	4	3	9	3	7	4	7	12	15	10	5	4	7	5	2	6	11	2	9	11	3	7	2	7	15	2	2	9	4	3	4	7	6	8	2	3	7	16	2	2
0033468351	13	8	24	16	16	18	21	13	7	17	4	4	4	11	8	13	20	14	9	13	17	15	13	14	11	8	12	6	17	11	6	7	12	8	18	22	5	8	13	17	9	2	20	18	5	15	12	20	19	4	3	21	8	8	17	19	16	10	5	12	4	13	20	12	9	11	8	5
0034912651	8	6	13	14	5	9	6	6	8	13	5	5	5	5	4	9	7	10	6	9	12	6	8	4	8	17	6	6	8	6	5	4	7	5	11	12	8	12	18	8	10	5	8	9	7	12	12	6	17	5	9	12	5	6	9	6	5	12	9	8	6	5	6	9	6	15	9	4	8
0035469751	7	5	9	10	2	5	2	2	2	17	2	4	2	5	2	12	5	8	5	2	8	8	4	16	7	11	8	8	8	7	8	5	8	5	8	9	11	7	10	5	13	9	5	5	11	8	5	8	23	11	5	9	11	13	5	2	2	11	4	4	8	5	2	7	5	8	8	11	8	5
0035718251	15	12	13	12	6	8	10	4	17	11	8	10	12	12	11	13	8	10	4	6	26	16	12	6	5	14	15	6	4	10	7	8	8	6	10	8	11	5	17	10	11	5	8	14	11	23	16	8	13	8	11	9	10	10	12	7	11	14	5	7	7	12	7	13	4	12	8	2	11	8	14
