NZ_CP010121.1	1	10000	0
NZ_CP010121.1	10001	20000	0
NZ_CP010121.1	20001	30000	0
NZ_CP010121.1	30001	40000	0
NZ_CP010121.1	40001	50000	0
NZ_CP010121.1	50001	60000	0
NZ_CP010121.1	60001	70000	0
NZ_CP010121.1	70001	80000	0
NZ_CP010121.1	80001	90000	0
NZ_CP010121.1	90001	100000	0
NZ_CP010121.1	100001	110000	0
NZ_CP010121.1	110001	120000	0
NZ_CP010121.1	120001	130000	0
NZ_CP010121.1	130001	140000	0
NZ_CP010121.1	140001	150000	0
NZ_CP010121.1	150001	160000	0
NZ_CP010121.1	160001	170000	1
NZ_CP010121.1	170001	180000	0
NZ_CP010121.1	180001	190000	0
NZ_CP010121.1	190001	200000	0
NZ_CP010121.1	200001	210000	0
NZ_CP010121.1	210001	220000	0
NZ_CP010121.1	220001	230000	0
NZ_CP010121.1	230001	240000	0
NZ_CP010121.1	240001	250000	0
NZ_CP010121.1	250001	260000	0
NZ_CP010121.1	260001	270000	0
NZ_CP010121.1	270001	280000	0
NZ_CP010121.1	280001	290000	0
NZ_CP010121.1	290001	300000	1
NZ_CP010121.1	300001	310000	0
NZ_CP010121.1	310001	320000	0
NZ_CP010121.1	320001	330000	0
NZ_CP010121.1	330001	340000	0
NZ_CP010121.1	340001	350000	0
NZ_CP010121.1	350001	360000	0
NZ_CP010121.1	360001	370000	0
NZ_CP010121.1	370001	380000	0
NZ_CP010121.1	380001	390000	0
NZ_CP010121.1	390001	400000	0
NZ_CP010121.1	400001	410000	0
NZ_CP010121.1	410001	420000	0
NZ_CP010121.1	420001	430000	0
NZ_CP010121.1	430001	440000	0
NZ_CP010121.1	440001	450000	0
NZ_CP010121.1	450001	460000	0
NZ_CP010121.1	460001	470000	0
NZ_CP010121.1	470001	480000	0
NZ_CP010121.1	480001	490000	2
NZ_CP010121.1	490001	500000	0
NZ_CP010121.1	500001	510000	0
NZ_CP010121.1	510001	520000	0
NZ_CP010121.1	520001	530000	0
NZ_CP010121.1	530001	540000	0
NZ_CP010121.1	540001	550000	0
NZ_CP010121.1	550001	560000	0
NZ_CP010121.1	560001	570000	0
NZ_CP010121.1	570001	580000	0
NZ_CP010121.1	580001	590000	0
NZ_CP010121.1	590001	600000	0
NZ_CP010121.1	600001	610000	0
NZ_CP010121.1	610001	620000	0
NZ_CP010121.1	620001	630000	0
NZ_CP010121.1	630001	640000	0
NZ_CP010121.1	640001	650000	0
NZ_CP010121.1	650001	660000	0
NZ_CP010121.1	660001	670000	0
NZ_CP010121.1	670001	680000	1
NZ_CP010121.1	680001	690000	0
NZ_CP010121.1	690001	700000	0
NZ_CP010121.1	700001	710000	0
NZ_CP010121.1	710001	720000	0
NZ_CP010121.1	720001	730000	0
NZ_CP010121.1	730001	740000	0
NZ_CP010121.1	740001	750000	0
NZ_CP010121.1	750001	760000	0
NZ_CP010121.1	760001	770000	0
NZ_CP010121.1	770001	780000	0
NZ_CP010121.1	780001	790000	0
NZ_CP010121.1	790001	800000	0
NZ_CP010121.1	800001	810000	0
NZ_CP010121.1	810001	820000	0
NZ_CP010121.1	820001	830000	0
NZ_CP010121.1	830001	840000	1
NZ_CP010121.1	840001	850000	0
NZ_CP010121.1	850001	860000	0
NZ_CP010121.1	860001	870000	0
NZ_CP010121.1	870001	880000	0
NZ_CP010121.1	880001	890000	0
NZ_CP010121.1	890001	900000	0
NZ_CP010121.1	900001	910000	0
NZ_CP010121.1	910001	920000	0
NZ_CP010121.1	920001	930000	0
NZ_CP010121.1	930001	940000	0
NZ_CP010121.1	940001	950000	0
NZ_CP010121.1	950001	960000	0
NZ_CP010121.1	960001	970000	0
NZ_CP010121.1	970001	980000	0
NZ_CP010121.1	980001	990000	0
NZ_CP010121.1	990001	1000000	0
NZ_CP010121.1	1000001	1010000	0
NZ_CP010121.1	1010001	1020000	0
NZ_CP010121.1	1020001	1030000	0
NZ_CP010121.1	1030001	1040000	0
NZ_CP010121.1	1040001	1050000	0
NZ_CP010121.1	1050001	1060000	0
NZ_CP010121.1	1060001	1070000	0
NZ_CP010121.1	1070001	1080000	0
NZ_CP010121.1	1080001	1090000	0
NZ_CP010121.1	1090001	1100000	0
NZ_CP010121.1	1100001	1110000	1
NZ_CP010121.1	1110001	1120000	0
NZ_CP010121.1	1120001	1130000	0
NZ_CP010121.1	1130001	1140000	0
NZ_CP010121.1	1140001	1150000	0
NZ_CP010121.1	1150001	1160000	0
NZ_CP010121.1	1160001	1170000	0
NZ_CP010121.1	1170001	1180000	0
NZ_CP010121.1	1180001	1190000	0
NZ_CP010121.1	1190001	1200000	1
NZ_CP010121.1	1200001	1210000	0
NZ_CP010121.1	1210001	1220000	0
NZ_CP010121.1	1220001	1230000	0
NZ_CP010121.1	1230001	1240000	0
NZ_CP010121.1	1240001	1250000	0
NZ_CP010121.1	1250001	1260000	0
NZ_CP010121.1	1260001	1270000	0
NZ_CP010121.1	1270001	1280000	0
NZ_CP010121.1	1280001	1290000	0
NZ_CP010121.1	1290001	1300000	0
NZ_CP010121.1	1300001	1310000	0
NZ_CP010121.1	1310001	1320000	0
NZ_CP010121.1	1320001	1330000	0
NZ_CP010121.1	1330001	1340000	0
NZ_CP010121.1	1340001	1350000	0
NZ_CP010121.1	1350001	1360000	0
NZ_CP010121.1	1360001	1370000	0
NZ_CP010121.1	1370001	1380000	0
NZ_CP010121.1	1380001	1390000	0
NZ_CP010121.1	1390001	1400000	0
NZ_CP010121.1	1400001	1410000	0
NZ_CP010121.1	1410001	1420000	0
NZ_CP010121.1	1420001	1430000	0
NZ_CP010121.1	1430001	1440000	0
NZ_CP010121.1	1440001	1450000	0
NZ_CP010121.1	1450001	1460000	0
NZ_CP010121.1	1460001	1470000	0
NZ_CP010121.1	1470001	1480000	0
NZ_CP010121.1	1480001	1490000	0
NZ_CP010121.1	1490001	1500000	0
NZ_CP010121.1	1500001	1510000	0
NZ_CP010121.1	1510001	1520000	0
NZ_CP010121.1	1520001	1530000	0
NZ_CP010121.1	1530001	1540000	0
NZ_CP010121.1	1540001	1550000	0
NZ_CP010121.1	1550001	1560000	0
NZ_CP010121.1	1560001	1570000	0
NZ_CP010121.1	1570001	1580000	0
NZ_CP010121.1	1580001	1590000	0
NZ_CP010121.1	1590001	1600000	0
NZ_CP010121.1	1600001	1610000	0
NZ_CP010121.1	1610001	1620000	0
NZ_CP010121.1	1620001	1630000	0
NZ_CP010121.1	1630001	1640000	0
NZ_CP010121.1	1640001	1650000	0
NZ_CP010121.1	1650001	1660000	0
NZ_CP010121.1	1660001	1670000	0
NZ_CP010121.1	1670001	1680000	0
NZ_CP010121.1	1680001	1690000	0
NZ_CP010121.1	1690001	1700000	0
NZ_CP010121.1	1700001	1710000	0
NZ_CP010121.1	1710001	1720000	0
NZ_CP010121.1	1720001	1730000	0
NZ_CP010121.1	1730001	1740000	0
NZ_CP010121.1	1740001	1750000	0
NZ_CP010121.1	1750001	1760000	2
NZ_CP010121.1	1760001	1770000	0
NZ_CP010121.1	1770001	1780000	0
NZ_CP010121.1	1780001	1790000	0
NZ_CP010121.1	1790001	1800000	0
NZ_CP010121.1	1800001	1810000	0
NZ_CP010121.1	1810001	1820000	0
NZ_CP010121.1	1820001	1830000	0
NZ_CP010121.1	1830001	1840000	0
NZ_CP010121.1	1840001	1850000	1
NZ_CP010121.1	1850001	1860000	0
NZ_CP010121.1	1860001	1870000	0
NZ_CP010121.1	1870001	1880000	0
NZ_CP010121.1	1880001	1890000	0
NZ_CP010121.1	1890001	1900000	0
NZ_CP010121.1	1900001	1910000	3
NZ_CP010121.1	1910001	1920000	0
NZ_CP010121.1	1920001	1930000	0
NZ_CP010121.1	1930001	1940000	0
NZ_CP010121.1	1940001	1950000	0
NZ_CP010121.1	1950001	1960000	0
NZ_CP010121.1	1960001	1970000	0
NZ_CP010121.1	1970001	1980000	0
NZ_CP010121.1	1980001	1990000	0
NZ_CP010121.1	1990001	2000000	0
NZ_CP010121.1	2000001	2010000	0
NZ_CP010121.1	2010001	2020000	0
NZ_CP010121.1	2020001	2030000	0
NZ_CP010121.1	2030001	2040000	0
NZ_CP010121.1	2040001	2050000	0
NZ_CP010121.1	2050001	2060000	0
NZ_CP010121.1	2060001	2070000	0
NZ_CP010121.1	2070001	2080000	0
NZ_CP010121.1	2080001	2090000	0
NZ_CP010121.1	2090001	2100000	0
NZ_CP010121.1	2100001	2110000	0
NZ_CP010121.1	2110001	2120000	0
NZ_CP010121.1	2120001	2130000	0
NZ_CP010121.1	2130001	2140000	0
NZ_CP010121.1	2140001	2150000	0
NZ_CP010121.1	2150001	2160000	0
NZ_CP010121.1	2160001	2170000	0
NZ_CP010121.1	2170001	2180000	0
NZ_CP010121.1	2180001	2190000	0
NZ_CP010121.1	2190001	2200000	0
NZ_CP010121.1	2200001	2210000	0
NZ_CP010121.1	2210001	2220000	0
NZ_CP010121.1	2220001	2230000	0
NZ_CP010121.1	2230001	2240000	0
NZ_CP010121.1	2240001	2250000	0
NZ_CP010121.1	2250001	2260000	0
NZ_CP010121.1	2260001	2270000	0
NZ_CP010121.1	2270001	2280000	0
NZ_CP010121.1	2280001	2290000	0
NZ_CP010121.1	2290001	2300000	0
NZ_CP010121.1	2300001	2310000	0
NZ_CP010121.1	2310001	2320000	0
NZ_CP010121.1	2320001	2330000	0
NZ_CP010121.1	2330001	2340000	0
NZ_CP010121.1	2340001	2350000	0
NZ_CP010121.1	2350001	2360000	0
NZ_CP010121.1	2360001	2370000	0
NZ_CP010121.1	2370001	2380000	0
NZ_CP010121.1	2380001	2390000	3
NZ_CP010121.1	2390001	2400000	0
NZ_CP010121.1	2400001	2410000	0
NZ_CP010121.1	2410001	2420000	0
NZ_CP010121.1	2420001	2430000	0
NZ_CP010121.1	2430001	2440000	0
NZ_CP010121.1	2440001	2450000	0
NZ_CP010121.1	2450001	2460000	0
NZ_CP010121.1	2460001	2470000	0
NZ_CP010121.1	2470001	2480000	0
NZ_CP010121.1	2480001	2490000	0
NZ_CP010121.1	2490001	2500000	0
NZ_CP010121.1	2500001	2510000	0
NZ_CP010121.1	2510001	2520000	0
NZ_CP010121.1	2520001	2530000	0
NZ_CP010121.1	2530001	2540000	0
NZ_CP010121.1	2540001	2550000	0
NZ_CP010121.1	2550001	2560000	0
NZ_CP010121.1	2560001	2570000	0
NZ_CP010121.1	2570001	2580000	0
NZ_CP010121.1	2580001	2590000	0
NZ_CP010121.1	2590001	2600000	0
NZ_CP010121.1	2600001	2610000	0
NZ_CP010121.1	2610001	2620000	0
NZ_CP010121.1	2620001	2630000	0
NZ_CP010121.1	2630001	2640000	0
NZ_CP010121.1	2640001	2650000	0
NZ_CP010121.1	2650001	2660000	0
NZ_CP010121.1	2660001	2670000	0
NZ_CP010121.1	2670001	2680000	0
NZ_CP010121.1	2680001	2690000	0
NZ_CP010121.1	2690001	2700000	0
NZ_CP010121.1	2700001	2710000	0
NZ_CP010121.1	2710001	2720000	0
NZ_CP010121.1	2720001	2730000	0
NZ_CP010121.1	2730001	2740000	0
NZ_CP010121.1	2740001	2750000	0
NZ_CP010121.1	2750001	2760000	0
NZ_CP010121.1	2760001	2770000	0
NZ_CP010121.1	2770001	2780000	0
NZ_CP010121.1	2780001	2790000	0
NZ_CP010121.1	2790001	2800000	0
NZ_CP010121.1	2800001	2810000	0
NZ_CP010121.1	2810001	2820000	0
NZ_CP010121.1	2820001	2830000	2
NZ_CP010121.1	2830001	2840000	0
NZ_CP010121.1	2840001	2850000	0
NZ_CP010121.1	2850001	2860000	0
NZ_CP010121.1	2860001	2870000	0
NZ_CP010121.1	2870001	2880000	0
NZ_CP010121.1	2880001	2890000	0
NZ_CP010121.1	2890001	2900000	0
NZ_CP010121.1	2900001	2910000	0
NZ_CP010121.1	2910001	2920000	0
NZ_CP010121.1	2920001	2930000	0
NZ_CP010121.1	2930001	2940000	0
NZ_CP010121.1	2940001	2950000	0
NZ_CP010121.1	2950001	2960000	1
NZ_CP010121.1	2960001	2970000	0
NZ_CP010121.1	2970001	2980000	0
NZ_CP010121.1	2980001	2990000	0
NZ_CP010121.1	2990001	3000000	0
NZ_CP010121.1	3000001	3010000	0
NZ_CP010121.1	3010001	3020000	0
NZ_CP010121.1	3020001	3030000	0
NZ_CP010121.1	3030001	3040000	0
NZ_CP010121.1	3040001	3050000	0
NZ_CP010121.1	3050001	3060000	0
NZ_CP010121.1	3060001	3070000	0
NZ_CP010121.1	3070001	3080000	0
NZ_CP010121.1	3080001	3090000	0
NZ_CP010121.1	3090001	3100000	0
NZ_CP010121.1	3100001	3110000	0
NZ_CP010121.1	3110001	3120000	0
NZ_CP010121.1	3120001	3130000	0
NZ_CP010121.1	3130001	3140000	2
NZ_CP010121.1	3140001	3150000	0
NZ_CP010121.1	3150001	3160000	0
NZ_CP010121.1	3160001	3170000	0
NZ_CP010121.1	3170001	3180000	0
NZ_CP010121.1	3180001	3190000	0
NZ_CP010121.1	3190001	3200000	0
NZ_CP010121.1	3200001	3210000	0
NZ_CP010121.1	3210001	3220000	0
NZ_CP010121.1	3220001	3230000	0
NZ_CP010121.1	3230001	3240000	0
NZ_CP010121.1	3240001	3250000	0
NZ_CP010121.1	3250001	3260000	0
NZ_CP010121.1	3260001	3270000	0
NZ_CP010121.1	3270001	3280000	0
NZ_CP010121.1	3280001	3290000	2
NZ_CP010121.1	3290001	3300000	0
NZ_CP010121.1	3300001	3310000	0
NZ_CP010121.1	3310001	3320000	0
NZ_CP010121.1	3320001	3330000	0
NZ_CP010121.1	3330001	3340000	0
NZ_CP010121.1	3340001	3350000	0
NZ_CP010121.1	3350001	3360000	0
NZ_CP010121.1	3360001	3370000	0
NZ_CP010121.1	3370001	3380000	0
NZ_CP010121.1	3380001	3390000	0
NZ_CP010121.1	3390001	3400000	0
NZ_CP010121.1	3400001	3410000	1
NZ_CP010121.1	3410001	3420000	0
NZ_CP010121.1	3420001	3430000	0
NZ_CP010121.1	3430001	3440000	1
NZ_CP010121.1	3440001	3450000	0
NZ_CP010121.1	3450001	3460000	0
NZ_CP010121.1	3460001	3470000	0
NZ_CP010121.1	3470001	3480000	0
NZ_CP010121.1	3480001	3490000	0
NZ_CP010121.1	3490001	3500000	0
NZ_CP010121.1	3500001	3510000	0
NZ_CP010121.1	3510001	3520000	0
NZ_CP010121.1	3520001	3530000	0
NZ_CP010121.1	3530001	3540000	0
NZ_CP010121.1	3540001	3550000	0
NZ_CP010121.1	3550001	3560000	0
NZ_CP010121.1	3560001	3570000	0
NZ_CP010121.1	3570001	3580000	1
NZ_CP010121.1	3580001	3590000	0
NZ_CP010121.1	3590001	3600000	0
NZ_CP010121.1	3600001	3610000	0
NZ_CP010121.1	3610001	3620000	0
NZ_CP010121.1	3620001	3630000	0
NZ_CP010121.1	3630001	3640000	0
NZ_CP010121.1	3640001	3650000	0
NZ_CP010121.1	3650001	3660000	0
NZ_CP010121.1	3660001	3670000	0
NZ_CP010121.1	3670001	3680000	0
NZ_CP010121.1	3680001	3690000	0
NZ_CP010121.1	3690001	3700000	0
NZ_CP010121.1	3700001	3710000	0
NZ_CP010121.1	3710001	3720000	0
NZ_CP010121.1	3720001	3730000	0
NZ_CP010121.1	3730001	3740000	0
NZ_CP010121.1	3740001	3750000	0
NZ_CP010121.1	3750001	3760000	0
NZ_CP010121.1	3760001	3770000	0
NZ_CP010121.1	3770001	3780000	0
NZ_CP010121.1	3780001	3790000	0
NZ_CP010121.1	3790001	3800000	0
NZ_CP010121.1	3800001	3810000	0
NZ_CP010121.1	3810001	3820000	0
NZ_CP010121.1	3820001	3830000	0
NZ_CP010121.1	3830001	3840000	0
NZ_CP010121.1	3840001	3850000	0
NZ_CP010121.1	3850001	3860000	0
NZ_CP010121.1	3860001	3870000	0
NZ_CP010121.1	3870001	3880000	0
NZ_CP010121.1	3880001	3890000	0
NZ_CP010121.1	3890001	3900000	0
NZ_CP010121.1	3900001	3910000	0
NZ_CP010121.1	3910001	3920000	0
NZ_CP010121.1	3920001	3930000	0
NZ_CP010121.1	3930001	3940000	0
NZ_CP010121.1	3940001	3950000	0
NZ_CP010121.1	3950001	3960000	0
NZ_CP010121.1	3960001	3970000	0
NZ_CP010121.1	3970001	3980000	0
NZ_CP010121.1	3980001	3990000	0
NZ_CP010121.1	3990001	4000000	0
NZ_CP010121.1	4000001	4010000	0
NZ_CP010121.1	4010001	4020000	0
NZ_CP010121.1	4020001	4030000	0
NZ_CP010121.1	4030001	4040000	0
NZ_CP010121.1	4040001	4050000	1
NZ_CP010121.1	4050001	4060000	0
NZ_CP010121.1	4060001	4070000	0
NZ_CP010121.1	4070001	4080000	0
NZ_CP010121.1	4080001	4090000	0
NZ_CP010121.1	4090001	4100000	2
NZ_CP010121.1	4100001	4110000	2
NZ_CP010121.1	4110001	4120000	0
NZ_CP010121.1	4120001	4130000	0
NZ_CP010121.1	4130001	4140000	5
NZ_CP010121.1	4140001	4150000	7
NZ_CP010121.1	4150001	4160000	0
NZ_CP010121.1	4160001	4170000	0
NZ_CP010121.1	4170001	4180000	0
NZ_CP010121.1	4180001	4190000	2
NZ_CP010121.1	4190001	4200000	0
NZ_CP010121.1	4200001	4210000	0
NZ_CP010121.1	4210001	4220000	0
NZ_CP010121.1	4220001	4230000	0
NZ_CP010121.1	4230001	4240000	0
NZ_CP010121.1	4240001	4250000	0
NZ_CP010121.1	4250001	4260000	0
NZ_CP010121.1	4260001	4270000	0
NZ_CP010121.1	4270001	4280000	0
NZ_CP010121.1	4280001	4290000	0
NZ_CP010121.1	4290001	4300000	0
NZ_CP010121.1	4300001	4310000	1
NZ_CP010121.1	4310001	4320000	0
NZ_CP010121.1	4320001	4330000	0
NZ_CP010121.1	4330001	4340000	0
NZ_CP010121.1	4340001	4350000	0
NZ_CP010121.1	4350001	4360000	0
NZ_CP010121.1	4360001	4370000	0
NZ_CP010121.1	4370001	4380000	0
NZ_CP010121.1	4380001	4390000	0
NZ_CP010121.1	4390001	4400000	0
NZ_CP010121.1	4400001	4410000	0
NZ_CP010121.1	4410001	4420000	0
NZ_CP010121.1	4420001	4430000	0
NZ_CP010121.1	4430001	4440000	0
NZ_CP010121.1	4440001	4450000	0
NZ_CP010121.1	4450001	4460000	0
NZ_CP010121.1	4460001	4470000	0
NZ_CP010121.1	4470001	4480000	0
NZ_CP010121.1	4480001	4490000	0
NZ_CP010121.1	4490001	4500000	0
NZ_CP010121.1	4500001	4510000	0
NZ_CP010121.1	4510001	4520000	0
NZ_CP010121.1	4520001	4530000	0
NZ_CP010121.1	4530001	4540000	1
NZ_CP010121.1	4540001	4550000	1
NZ_CP010121.1	4550001	4560000	0
NZ_CP010121.1	4560001	4570000	0
NZ_CP010121.1	4570001	4580000	3
NZ_CP010121.1	4580001	4590000	1
NZ_CP010121.1	4590001	4600000	0
NZ_CP010121.1	4600001	4610000	0
NZ_CP010121.1	4610001	4620000	2
NZ_CP010121.1	4620001	4630000	1
NZ_CP010121.1	4630001	4640000	0
NZ_CP010121.1	4640001	4650000	0
NZ_CP010121.1	4650001	4660000	0
NZ_CP010121.1	4660001	4670000	0
NZ_CP010121.1	4670001	4680000	0
NZ_CP010121.1	4680001	4690000	0
NZ_CP010121.1	4690001	4700000	0
NZ_CP010121.1	4700001	4710000	0
NZ_CP010121.1	4710001	4720000	0
NZ_CP010121.1	4720001	4730000	0
NZ_CP010121.1	4730001	4740000	2
NZ_CP010121.1	4740001	4750000	0
NZ_CP010121.1	4750001	4760000	0
NZ_CP010121.1	4760001	4770000	0
NZ_CP010121.1	4770001	4780000	0
NZ_CP010121.1	4780001	4790000	0
NZ_CP010121.1	4790001	4800000	0
NZ_CP010121.1	4800001	4810000	0
NZ_CP010121.1	4810001	4820000	0
NZ_CP010121.1	4820001	4830000	0
NZ_CP010121.1	4830001	4840000	0
NZ_CP010121.1	4840001	4850000	0
NZ_CP010121.1	4850001	4860000	0
NZ_CP010121.1	4860001	4870000	0
NZ_CP010121.1	4870001	4880000	0
NZ_CP010121.1	4880001	4890000	0
NZ_CP010121.1	4890001	4900000	0
NZ_CP010121.1	4900001	4910000	0
NZ_CP010121.1	4910001	4920000	0
NZ_CP010121.1	4920001	4930000	0
NZ_CP010121.1	4930001	4940000	0
NZ_CP010121.1	4940001	4950000	0
NZ_CP010121.1	4950001	4960000	0
NZ_CP010121.1	4960001	4970000	0
NZ_CP010121.1	4970001	4980000	0
NZ_CP010121.1	4980001	4990000	0
NZ_CP010121.1	4990001	4990476	0
