24
0029687351
0021426751	4
0021646452	6	3
0000271251	8	2	13
0002195153	11	9	17	4
0005996651	5	5	7	5	9
0018903651	5	5	7	8	5	2
0019002951	5	2	3	2	8	2	2
0019003151	6	8	5	8	8	7	12	7
0020119851	8	5	3	2	5	2	2	5	10
0020120451	8	4	7	5	8	4	5	4	4	3
0029255251	4	2	2	5	8	2	2	2	4	7	4
0021646353	5	3	2	12	16	8	6	3	5	4	6	4
0022781152	12	9	4	8	9	8	9	10	5	9	4	4	5
0023105951	11	3	11	17	10	5	7	6	5	7	4	8	11	14
0023106151	9	7	5	8	3	6	11	11	8	4	6	7	5	5	4
0023106551	12	13	8	9	11	10	8	3	8	4	4	9	8	8	12	4
0025911351	8	6	5	15	14	8	10	7	8	9	7	7	5	5	7	7	5
0027872151	5	2	4	5	5	5	5	2	7	2	5	2	3	4	11	7	9	6
0027881151	5	7	5	8	11	6	6	7	7	9	6	4	5	9	17	8	9	7	4
0030302451	7	4	2	4	10	3	4	6	2	4	7	4	2	2	2	5	2	5	4	6
0031809951	14	11	7	13	6	9	9	6	12	5	6	8	8	5	16	6	15	8	9	9	6
0034102751	6	8	5	6	3	9	9	3	2	4	3	3	5	2	5	5	5	8	8	9	2	10
0035717851	6	9	7	11	12	9	12	7	10	8	8	7	8	7	13	10	11	5	9	6	8	8	9
